<?xml version='1.0' encoding='utf-8'?>
<!-- FreeCAD DocumentObject -->
<Document SchemaVersion="4" FileVersion="2">
<Object name="Chamfer003">
  <Properties Count="21" TransientCount="2">
    <_Property name="_Body" type="App::PropertyLinkHidden" status="251658241"/>
    <_Property name="_ElementMapVersion" type="App::PropertyString" status="234881024"/>
    <Property name="AddSubShape" type="Part::PropertyPartShape" status="128">
      <Part ElementMap="0.15.70200.4" brep="1">
<![CDATA[

CASCADE Topology V1, (c) Matra-Datavision
Locations 0
Curve2ds 0
Curves 0
Polygon3D 0
PolygonOnTriangulations 0
Surfaces 0
Triangulations 0

TShapes 0

*]]>
      </Part>
      <ElementMap/>
    </Property>
    <Property name="Angle" type="App::PropertyAngle" status="4">
      <Float value="45"/>
    </Property>
    <Property name="Base" type="App::PropertyLinkSub">
      <LinkSub value="Fillet001" count="1">
        <Sub value="Edge47" shadow=";#42a4;:U4;FLT;:H442:8,E.Edge47"/>
      </LinkSub>
    </Property>
    <Property name="BaseFeature" type="App::PropertyLink" status="8">
      <Link value="Fillet001"/>
    </Property>
    <Property name="ChamferType" type="App::PropertyEnumeration">
      <Integer value="0"/>
    </Property>
    <Property name="ColoredElements" type="App::PropertyLinkSubHidden" status="218103808">
      <LinkSub value="" count="0">
      </LinkSub>
    </Property>
    <Property name="ExpressionEngine" type="App::PropertyExpressionEngine" status="67108864">
      <ExpressionEngine count="0"></ExpressionEngine>
    </Property>
    <Property name="FlipDirection" type="App::PropertyBool">
      <Bool value="false"/>
    </Property>
    <Property name="Label" type="App::PropertyString" status="134217728">
      <String value="Chamfer003"/>
    </Property>
    <Property name="Label2" type="App::PropertyString" status="128">
      <String value=""/>
    </Property>
    <Property name="NewSolid" type="App::PropertyBool">
      <Bool value="false"/>
    </Property>
    <Property name="Placement" type="App::PropertyPlacement" status="8388620">
      <PropertyPlacement Px="0" Py="0" Pz="0" Q0="0.7071067811865477" Q1="0" Q2="0" Q3="0.7071067811865474" A="1.570796326794897" Ox="1" Oy="0" Oz="0"/>
    </Property>
    <Property name="Refine" type="App::PropertyBool">
      <Bool value="true"/>
    </Property>
    <Property name="Shape" type="Part::PropertyPartShape">
      <Part HasherIndex="0" ElementMap="1.15.70200.4" brep="1">
<![CDATA[

CASCADE Topology V1, (c) Matra-Datavision
Locations 46
1
              1               0               0               0 
              0               0              -1               0 
              0               1               0               0 
1
              1               0               0               0 
              0               1               0               0 
              0               0               1               0 
1
              1               0               0               0 
              0               1               0               0 
              0               0               1               0 
2  2 1 3 1 0
2  3 -1 2 -1 0
2  3 -1 0
1
              1               0               0               0 
              0               1               0               0 
              0               0               1               0 
1
              1               0              -0               0 
             -0           1e-15              -1           1.225 
              0               1           1e-15          -2e-15 
1
              1               0               0               0 
              0              -0              -1               0 
              0               1              -0               0 
2  7 1 8 1 9 -1 2 1 3 1 0
2  2 -1 9 1 8 -1 7 -1 0
1
              1               0               0               0 
              0              -0              -1               0 
              0               1              -0               0 
1
              1               0               0               0 
              0               1               0          -7e-15 
              0               0               1              -7 
1
              1               0               0               0 
              0               0              -1               0 
              0               1               0               0 
2  12 -1 13 1 14 1 9 -1 2 1 0
1
              1               0               0              -0 
              0               1               0           8e-15 
              0               0               1               5 
2  9 -1 16 1 2 1 3 1 0
2  12 -1 13 1 14 1 9 -1 0
2  2 -1 0
2  7 1 8 1 9 -1 2 1 0
2  13 -1 12 1 0
2  3 -1 2 -1 16 -1 9 1 0
2  14 1 9 -1 2 1 3 1 0
2  12 -1 13 1 0
2  12 -1 0
1
              1               0               0               0 
              0              -0              -1               0 
              0               1              -0               0 
1
              1               0               0              -0 
              0               1               0          -3e-15 
              0               0               1          -5.775 
1
              1               0               0               0 
              0               1               0           5e-15 
              0               0               1           11.55 
1
              1               0               0               0 
              0               0              -1               0 
              0               1               0               0 
2  26 -1 27 1 28 1 29 1 12 -1 0
1
              1               0               0               0 
              0               1               0               0 
              0               0               1               0 
1
              1               0               0               0 
              0               0              -1               0 
              0               1               0               0 
2  31 1 32 1 26 -1 27 1 28 1 29 1 12 -1 0
2  27 -1 26 1 32 -1 31 -1 0
2  28 -1 27 -1 26 1 32 -1 31 -1 0
1
              1               0               0               0 
              0              -0              -1               0 
              0               1              -0               0 
1
              1               0               0               0 
              0               0              -1               0 
              0               1               0               0 
1
              1               0               0               0 
              0               1               0               0 
              0               0               1               0 
2  36 1 37 -1 38 -1 28 -1 27 -1 26 1 32 -1 31 -1 0
1
              1               0               0              -0 
              0               1               0          -4e-15 
              0               0               1              -5 
2  40 -1 36 1 37 -1 38 -1 28 -1 27 -1 26 1 32 -1 31 -1 0
2  29 1 12 -1 14 1 9 -1 2 1 3 1 0
2  31 1 32 1 26 -1 27 1 0
2  31 1 32 1 26 -1 27 1 28 1 0
2  26 -1 27 1 29 1 12 -1 14 1 9 -1 2 1 3 1 0
2  31 1 32 1 0
Curve2ds 150
1 0 0 0 1 
1 0.057735026918964039 -2.2e-16 3.0000000000000001e-17 -1 
1 4.4e-16 -0.070710678118654613 1 0 
1 1.1279056191361225 -4.8999999999999995 -1 -0 
1 0 0 0 1 
1 1.1279056191361225 0 3.0000000000000001e-17 -1 
1 0 0 1 0 
1 8.8800000000000007e-15 4.8999999999999995 1 0 
1 -0.52359877559826806 -2.2e-16 1 0 
2 -0.1799958756745571 -5.2999999999999998 -1 0 -0 -1 0.10000000000000001
1 1.0471975511966261 0 0 1 
1 0.34226497308103543 -2.2e-16 6.0000000000000001e-17 -1 
8 0 0.14142135623730953
1 0.52359877559826939 0 0 1 
8 0 0.14142135623730953
1 3.1000000000000001e-16 -0.070710678118654613 0 1 
1 4.4e-16 0.070710678118654613 1 0 
1 -0.42154302745514938 -4.3732050807568896 0.49999999999997552 -0.86602540378445281 
8 -0.070710678118654613 0.070710678118654613
1 1.0701705922171587 0 0 1 
8 -0.070710678118654613 0.070710678118654613
1 -8.8800000000000007e-15 0.070710678118654613 0 1 
1 -5.7595865315813155 -6.7000000000000004e-16 1 0 
2 -0.71508117178310981 -4.3732050807568887 -1 0 0 1 0.10000000000000001
1 -1.5707963267948966 -6.7000000000000004e-16 1 0 
2 0.062269097406478353 -5.2999999999999998 -1 0 -0 -1 0.10000000000000001
1 -5.7595865315813155 -6.7000000000000004e-16 1 0 
2 -0.71508117178310981 4.3732050807568905 -1 0 -0 -1 0.10000000000000001
1 -3.1415926535897931 -6.7000000000000004e-16 1 0 
2 0.062269097406478353 5.3000000000000016 -1 0 -0 -1 0.10000000000000001
1 -4.7123889803846897 -6.7000000000000004e-16 1 0 
2 -0.1799958756745571 5.3000000000000016 -1 0 -0 -1 0.10000000000000001
1 0 0 1 0 
1 0 -7 1 0 
1 0 0 1 0 
1 0 -7 1 0 
1 0 0 1 0 
1 0 -7 1 0 
1 0 0 1 0 
1 0 -7 1 0 
1 0 0 1 0 
1 0 -7 1 0 
1 0 0 1 0 
1 0 -7 1 0 
1 0 0 1 0 
1 0.52359877559826939 4.9000000000000004 -1 -0 
1 0.52359877559827062 0 0 1 
1 0.02679491924311073 0 0 -1 
1 0 0.14142135623730953 1 0 
8 0 0.14142135623730953
1 1.0471975511966172 0 0 1 
8 0 0.14142135623730953
1 -4.9999999999999999e-17 -0.070710678118654169 0 1 
1 0 0 0 1 
1 0.099999999999999978 -2.2e-16 6.0000000000000001e-17 -1 
1 1.1e-16 -0.070710678118654169 1 0 
1 0.34226497308103554 -4.8999999999999995 -1 0 
8 -0.070710678118655057 0.070710678118654613
1 8.7464101615137793 0 0 1 
8 -0.070710678118655057 0.070710678118654613
1 -1.2199999999999999e-15 0.070710678118655057 0 1 
1 0 0.14142135623730953 1 0 
1 -1.1e-16 0.070710678118655057 1 0 
1 0.35580724173443878 5.3000000000000007 -1 -0 
1 0 0.070710678118654613 1 0 
1 0.35580724173443878 -5.2999999999999998 0 1 
1 0 0.070710678118654613 1 0 
1 0.11354226865340333 5.3000000000000007 -0.49999999999997552 -0.86602540378445281 
1 0 0.070710678118655057 1 0 
1 0.11354226865340344 -5.3000000000000007 1 0 
1 0 0.070710678118654613 1 0 
1 -0.42154302745514927 4.3732050807568896 0 -1 
1 0 -0.070710678118655057 1 0 
1 8.77320508075689 -4.9000000000000004 -1 0 
1 0.52359877559827062 0 0 1 
1 8.77320508075689 0 0 -1 
1 0 0 1 0 
1 1.1100000000000001e-15 4.9000000000000004 1 0 
1 1.5707963267948966 0 0 1 
1 10.700000000000001 0 0 -1 
1 0 0 0 1 
1 0.02679491924311073 -2.2e-16 -3.0000000000000001e-17 -1 
1 0 0 1 0 
1 4.4400000000000004e-15 4.9000000000000004 1 0 
1 0 0 0 1 
1 0.099999999999999645 0 0 -1 
1 0 -0.070710678118654613 1 0 
1 10.699999999999999 -4.9000000000000004 -1 0 
1 0 -0.070710678118655057 1 0 
1 1.0969655114602688 -4.9000000000000004 -1 0 
1 1.0471975511966261 0 0 1 
1 1.0969655114602688 -4.4e-16 -3.0000000000000001e-17 -1 
1 0 0 1 0 
1 0 4.9000000000000004 1 0 
1 1.5707963267948966 0 0 1 
1 0.30000000000000004 -2.2e-16 -6.0000000000000001e-17 -1 
1 0 0 0 1 
1 0.057735026918964587 -2.2e-16 -6.0000000000000001e-17 -1 
1 0 0 1 0 
1 0 4.8999999999999995 1 0 
1 -1.1e-16 -0.070710678118654169 1 0 
1 0.29999999999999982 -4.9000000000000004 -1 0 
1 1.5707963267948966 0 0 -1 
1 7.8539816339744828 0 0 -1 
1 3.1415926535897931 0 0 -1 
1 6.2831853071795862 0 0 -1 
1 3.1415926535897931 0 0 -1 
1 6.2831853071795862 0 0 -1 
1 4.3982297150257299 0 0 -1 
1 5.0265482457436494 0 0 -1 
1 2.1293016874331023 0 0 -1 
1 1.5707963267948966 0 0 -1 
1 1.5707963267948966 0 0 -1 
1 2.1293016874331023 0 0 -1 
8 -0.070710678118654169 0.070710678118655057
1 0.2422649730810354 0 0 1 
8 -0.070710678118654169 0.070710678118655057
1 -1.1100000000000001e-15 0.070710678118654169 0 1 
8 0 0.14142135623730953
1 0.52359877559826618 0 0 1 
8 0 0.14142135623730953
1 -0 -0.070710678118655057 0 1 
8 0 0.14142135623730953
1 1.5707963267948966 0 0 1 
8 0 0.14142135623730953
1 -6.0000000000000001e-17 -0.070710678118654169 0 1 
8 -0.070710678118654169 0.070710678118655057
1 0.2422649730810354 0 0 1 
8 -0.070710678118654169 0.070710678118655057
1 0 0.070710678118654169 0 1 
8 0 0.14142135623730953
1 1.5707963267948954 0 0 1 
8 0 0.14142135623730953
1 -1.7800000000000001e-15 -0.070710678118654613 0 1 
8 0 0.14142135623730953
1 0 0 0 1 
8 0 0.14142135623730953
1 10.6 -0.070710678118654613 0 1 
8 0 0.14142135623730953
1 1.0471975511966261 0 0 1 
8 0 0.14142135623730953
1 1.4000000000000001e-16 -0.070710678118655057 0 1 
8 -0.070710678118655057 0.070710678118654613
1 1.0701705922171583 0 0 1 
8 -0.070710678118655057 0.070710678118654613
1 -4.4400000000000004e-15 0.070710678118655057 0 1 
1 0 0.14142135623730953 1 0 
1 0 0.14142135623730953 1 0 
1 0 0.14142135623730953 1 0 
1 0 0.14142135623730953 1 0 
1 0 0 1 0 
1 0 -11.550000000000001 1 0 
1 0 0 1 0 
1 0 -5 1 0 
1 0 0 1 0 
1 0 -11.550000000000001 1 0 
1 0 0 1 0 
1 0 -5 1 0 
1 0 0 1 0 
1 0 -11.550000000000001 1 0 
1 0 0 1 0 
1 0 -5 1 0 
1 0 0 1 0 
1 0 -11.550000000000001 1 0 
1 0 0 1 0 
1 0 -5 1 0 
1 1.5707963267948959 0 0 -1 
1 1.5707963267948961 0 0 -1 
1 3.1415926535897931 0 0 -1 
1 0 0 0 -1 
1 3.1415926535897931 0 0 -1 
1 6.2831853071795862 0 0 -1 
1 4.3982297150257113 0 0 -1 
1 5.0265482457436681 0 0 -1 
Curves 106
1 -5.3499999999999979 0.54848275573010563 -1.225000000000003 -0 1.6099999999999999e-15 1 
1 -4.4232050807568868 0.01339745962156075 3.6749999999999976 -0.86602540378445281 0.49999999999997552 -8.2999999999999998e-16 
1 -5.4000000000000004 0.57735026918958809 0 0.86602540378445281 -0.49999999999997552 0 
1 -4.4232050807568868 0.013397459621552889 -1.2250000000000023 -0 1.6099999999999999e-15 1 
2 -5.3000000000000007 0.63508529610855879 3.6749999999999967 -0 -1.59e-15 -1 -0.49999999999997163 -0.86602540378445514 1.3769803920172837e-15 -0.86602540378445514 0.49999999999997163 -7.9499999999995494e-16 0.10000000000000001
8 0.52359877559826806 1.5707963267948966
2 -5.3000000000000007 0.63508529610855091 -1.2250000000000039 0 -1.6099999999999999e-15 -1 0 -1 1.6099999999999999e-15 -1 -0 0 0.10000000000000001
1 -5.4000000000000004 0.63508529610855091 -1.2250000000000032 -0 1.6099999999999999e-15 1 
1 -4.4232050807568868 0.0133974596215606 3.6749999999999976 0.35355339059325591 0.61237243569580635 0.70710678118654635 
1 -4.3732050807568896 0.1000000000000062 3.7749999999999977 -0.86602540378445281 0.49999999999997552 -8.2999999999999998e-16 
1 -5.3250000000000002 0.59178402591933654 3.724999999999997 0.35355339059325563 0.61237243569580435 0.70710678118654813 
8 5.7595865315813191 6.2831853071795862
2 -4.3732050807568896 0.099999999999998174 -1.2250000000000032 -0 1.6099999999999999e-15 1 0 -1 1.6099999999999999e-15 1 0 0 0.10000000000000001
1 -5.4000000000000004 0.97735026918958812 0 0 -1 0 
1 -4.4000000000000004 0 0 1 -0 0 
8 1.5707963267948966 3.141592653589802
2 -5.3000000000000007 0.87735026918958636 -1.2250000000000043 0 -1.6099999999999999e-15 -1 0 -1 1.6099999999999999e-15 -1 -0 0 0.10000000000000001
8 5.7595865315813191 6.2831853071795951
2 4.3732050807568896 0.099999999999998229 -1.2250000000000032 0 -1.6099999999999999e-15 -1 0 -1 1.6099999999999999e-15 -1 -0 0 0.10000000000000001
1 5.4000000000000004 0.97735026918958812 0 -1 0 0 
1 4.4000000000000004 -0 0 0.86602540378445281 0.49999999999997552 0 
8 3.1415926535897931 4.7123889803846897
2 5.3000000000000007 0.87735026918958636 -1.2250000000000043 0 -1.6099999999999999e-15 -1 0 -1 1.6099999999999999e-15 -1 -0 0 0.10000000000000001
8 4.7123889803846897 5.7595865315813199
2 5.3000000000000007 0.63508529610855091 -1.2250000000000039 0 -1.6099999999999999e-15 -1 0 -1 1.6099999999999999e-15 -1 -0 0 0.10000000000000001
1 5.4000000000000004 0.57735026918958809 0 0 1 0 
1 -6.6999999999999984 -5.774999999999995 2.900000000000003 1 -0 0 
2 -6.6999999999999993 -5.774999999999995 2.6000000000000032 -0 -1 7.7999999999999995e-16 1 0 0 -0 7.7999999999999995e-16 1 0.29999999999999982
2 6.6999999999999993 -5.774999999999995 2.6000000000000032 -0 -1 7.7999999999999995e-16 1 0 0 -0 7.7999999999999995e-16 1 0.29999999999999982
1 -6.9999999999999991 -5.7749999999999977 0.15000000000000258 0 7.7999999999999995e-16 1 
1 6.9999999999999991 -5.774999999999995 2.6000000000000032 -0 -7.7999999999999995e-16 -1 
2 -6.7000000000000002 -5.7749999999999977 0.15000000000000246 -0 -1 7.7999999999999995e-16 1 0 0 -0 7.7999999999999995e-16 1 0.29999999999999893
2 6.6999999999999993 -5.7749999999999977 0.15000000000000335 -0 -1 7.7999999999999995e-16 1 0 0 -0 7.7999999999999995e-16 1 0.29999999999999982
1 -6.1661798842174207 -5.7749999999999977 -0.3388873371345531 -0.95105651629515975 2.4e-16 0.30901699437492841 
1 6.7927050983124921 -5.7749999999999977 -0.13531695488853956 -0.95105651629515975 -2.4e-16 -0.30901699437492852 
2 -6.3206883814048851 -5.7749999999999977 -0.81441559528213281 0 -1 7.7999999999999995e-16 0.64278760968653936 -5.9751466563280279e-16 -0.76604444311897801 0.76604444311897801 5.0137433555550067e-16 0.64278760968653936 0.5
2 6.3206883814048851 -5.7749999999999977 -0.81441559528213303 0 -1 7.7999999999999995e-16 0.95105651629515975 2.4103325561244424e-16 0.30901699437492852 -0.30901699437492852 7.4182408271022457e-16 0.95105651629515975 0.5
1 -4.8169777784405099 -5.7749999999999986 -1.8286061951567258 -0.64278760968653936 5.9999999999999999e-16 0.76604444311897801 
1 5.9376661598453957 -5.7749999999999977 -0.49302179043886341 -0.64278760968653936 -5.9999999999999999e-16 -0.76604444311897801 
1 5.1999999999999993 -5.7749999999999986 -1.6499999999999957 -1 0 -0 
2 -4.3732050807568896 0.10000000000000593 3.6749999999999976 -0 -1.59e-15 -1 0 -1 1.59e-15 -1 0 0 0.10000000000000001
1 -4.3732050807568896 -1.8300000000000002e-15 -1.2250000000000023 -0 1.6099999999999999e-15 1 
1 -5.4000000000000004 0.63508529610855746 3.6749999999999967 0.70710678118654757 1.061e-14 0.70710678118654757 
1 -5.4000000000000004 0.87735026918958636 -1.2250000000000036 -0 1.6099999999999999e-15 1 
1 -5.4000000000000004 0.63508529610855891 3.6749999999999963 0 1 -1.6699999999999999e-15 
1 -4.3732050807568896 0.050000000000006227 3.7249999999999979 0 0.70710678118654779 0.70710678118654735 
1 5.3000000000000007 0.87735026918959436 3.7749999999999964 -0 -1 1.6699999999999999e-15 
1 -5.2999999999999998 0.87735026918959436 3.7749999999999959 1 0 0 
1 5.3000000000000007 0.63508529610855891 3.7749999999999968 -0.86602540378445281 -0.49999999999997552 8.2999999999999998e-16 
1 -5.3000000000000007 0.63508529610855902 3.7749999999999964 0 1 -1.6699999999999999e-15 
1 4.3732050807568896 0.10000000000000631 3.7749999999999977 -1 0 -0 
1 4.3732050807568896 6.1400000000000004e-15 3.6749999999999976 -1 0 -0 
1 4.3732050807568896 -1.7800000000000001e-15 -1.2250000000000023 -0 1.6099999999999999e-15 1 
2 -5.3000000000000007 0.87735026918959425 3.6749999999999963 -0 -1.59e-15 -1 -1 1.1100000000000001e-15 -1.7649000000000003e-30 1.1100000000000001e-15 1 -1.59e-15 0.10000000000000001
1 -5.3000000000000007 0.97735026918958634 -1.2250000000000039 -0 1.6099999999999999e-15 1 
1 4.4232050807568868 0.01339745962155295 -1.2250000000000023 -0 1.6099999999999999e-15 1 
2 4.3732050807568896 0.10000000000000604 3.6749999999999976 -0 -1.59e-15 -1 0.49999999999997197 -0.86602540378445492 1.3769803920172833e-15 -0.86602540378445492 -0.49999999999997197 7.9499999999995543e-16 0.10000000000000001
1 5.3000000000000007 0.97735026918958634 -1.2250000000000039 -0 1.6099999999999999e-15 1 
1 -5.2999999999999998 0.97735026918959422 3.6749999999999958 1 0 0 
1 5.3499999999999979 0.54848275573011351 3.6749999999999967 -0.86602540378445281 -0.49999999999997552 8.2999999999999998e-16 
1 5.3499999999999979 0.54848275573010563 -1.225000000000003 -0 1.6099999999999999e-15 1 
2 5.3000000000000007 0.87735026918959425 3.6749999999999963 -0 -1.59e-15 -1 0 1 -1.59e-15 1 -0 0 0.10000000000000001
1 5.4000000000000004 0.87735026918958636 -1.2250000000000036 -0 1.6099999999999999e-15 1 
1 5.4000000000000004 0.63508529610855091 -1.2250000000000032 -0 1.6099999999999999e-15 1 
2 5.3000000000000007 0.63508529610855879 3.6749999999999967 -0 -1.59e-15 -1 1 -0 0 -0 -1 1.59e-15 0.10000000000000001
1 5.4000000000000004 0.87735026918959425 3.6749999999999963 -0 -1 1.6699999999999999e-15 
1 -6.6999999999999993 2.9000000000000044 5.7749999999999941 0 -1.0000000000000001e-15 -1 
1 6.7000000000000002 2.9000000000000044 5.7749999999999941 0 -1.0000000000000001e-15 -1 
1 -6.9999999999999991 2.6000000000000045 5.774999999999995 0 -1.0000000000000001e-15 -1 
1 6.9999999999999991 2.6000000000000045 5.7749999999999941 0 -1.0000000000000001e-15 -1 
1 -6.9999999999999991 0.15000000000000377 5.7749999999999977 0 -1.0000000000000001e-15 -1 
1 6.9999999999999991 0.15000000000000474 5.7749999999999968 0 -1.0000000000000001e-15 -1 
1 -6.7927050983124779 -0.13531695488854298 5.7749999999999977 0 -1.0000000000000001e-15 -1 
1 6.7927050983124779 -0.13531695488854312 5.7749999999999977 0 -1.0000000000000001e-15 -1 
1 -6.1661798842174207 -0.3388873371345516 5.7749999999999977 0 -1.0000000000000001e-15 -1 
1 6.1661798842174207 -0.33888733713455171 5.7749999999999977 0 -1.0000000000000001e-15 -1 
1 -5.9376661598453957 -0.49302179043886168 5.7749999999999977 0 -1.0000000000000001e-15 -1 
1 5.9376661598453957 -0.49302179043886224 5.7749999999999977 0 -1.0000000000000001e-15 -1 
1 -4.9668461709224996 -1.6499999999999944 5.7749999999999986 0 -1.0000000000000001e-15 -1 
1 4.9668461709224996 -1.6499999999999941 5.7749999999999986 0 -1.0000000000000001e-15 -1 
1 -5.3500000000000005 0.87735026918959425 3.7249999999999956 0.70710678118654602 1.18e-15 0.70710678118654913 
1 4.3732050807568896 6.0400000000000003e-15 3.6749999999999976 -2.2e-16 0.70710678118654891 0.70710678118654613 
1 5.4000000000000004 0.87735026918959425 3.6749999999999963 -0.70710678118654746 1.08e-15 0.70710678118654757 
1 5.3500000000000005 0.63508529610855891 3.7249999999999965 -0.70710678118654602 1.18e-15 0.70710678118654913 
1 -5.3000000000000007 0.97735026918959422 3.6749999999999963 4.0000000000000003e-17 -0.70710678118654635 0.70710678118654868 
1 5.3000000000000007 0.97735026918959422 3.6749999999999963 0 -0.70710678118654635 0.70710678118654868 
1 5.3499999999999979 0.54848275573011351 3.6749999999999967 -0.35355339059325641 0.61237243569580568 0.70710678118654668 
1 4.3982050807568882 0.056698729810783173 3.7249999999999979 -0.35355339059325569 0.61237243569580435 0.70710678118654813 
1 -6.6999999999999993 3.3999999999999995 0 1 0 0 
2 -6.7000000000000002 2.5999999999999996 0 0 0 1 1 0 -0 -0 1 0 0.80000000000000027
2 6.7000000000000002 2.5999999999999996 0 0 0 1 1 0 -0 -0 1 0 0.80000000000000004
1 -7.5 0.14999999999999872 0 0 1 0 
1 7.5 2.5999999999999996 0 0 -1 0 
2 -6.7000000000000011 0.14999999999999861 0 0 0 1 1 0 -0 -0 1 0 0.79999999999999893
2 6.7000000000000002 0.14999999999999955 0 0 0 1 1 0 -0 -0 1 0 0.80000000000000004
1 -6.320688381404886 -0.81441559528213703 0 -0.95105651629515975 0.30901699437492841 0 
1 6.9472135954999574 -0.6108452130361236 0 -0.95105651629515975 -0.30901699437492852 0 
1 -5.2000000000000002 -2.1499999999999999 0 -0.64278760968653936 0.76604444311897801 0 
1 6.320688381404886 -0.81441559528213703 0 -0.64278760968653936 -0.76604444311897801 0 
1 5.2000000000000002 -2.1499999999999999 0 -1 0 0 
1 -6.6999999999999993 3.3999999999999968 -5.7750000000000021 0 4.4e-16 1 
1 6.6999999999999993 3.3999999999999968 -5.7750000000000021 0 4.4e-16 1 
1 -7.5 2.599999999999997 -5.7750000000000012 0 4.4e-16 1 
1 7.5 2.599999999999997 -5.7750000000000012 0 4.4e-16 1 
1 -7.5 0.14999999999999616 -5.7750000000000004 0 4.4e-16 1 
1 7.5 0.14999999999999686 -5.7750000000000004 0 4.4e-16 1 
1 -6.9472135954999583 -0.61084521303612593 -5.7750000000000004 0 4.4e-16 1 
1 6.9472135954999574 -0.61084521303612616 -5.7750000000000004 0 4.4e-16 1 
1 -6.320688381404886 -0.81441559528213958 -5.7750000000000004 0 4.4e-16 1 
1 6.320688381404886 -0.81441559528213958 -5.7750000000000004 0 4.4e-16 1 
1 -5.2000000000000002 -2.1500000000000026 -5.7749999999999995 0 4.4e-16 1 
1 5.2000000000000002 -2.1500000000000026 -5.7749999999999995 0 4.4e-16 1 
Polygon3D 0
PolygonOnTriangulations 0
Surfaces 57
1 -5.4000000000000004 0.57735026918958632 -1.2250000000000032 0.49999999999997552 0.86602540378445281 -1.3899999999999999e-15 0.86602540378445281 -0.49999999999997552 8.3000000000000008e-16 2.3801085141129991e-17 -1.6187753112603691e-15 -1 
2 -5.3000000000000007 0.63508529610855091 -1.2250000000000032 -0 1.6099999999999999e-15 1 -0.49999999999997552 -0.86602540378445281 1.3943009000929689e-15 -0.86602540378445281 0.49999999999997552 -8.0499999999996052e-16 0.10000000000000001
1 -4.3982050807568882 0.056698729810783471 3.7249999999999979 -0.35355339059325719 -0.6123724356958048 0.70710678118654702 -0.86602540378445281 0.49999999999997535 -8.3266726846886721e-16 0.35355339059325558 0.61237243569580446 0.70710678118654813 
2 -4.3732050807568896 0.099999999999998174 -1.2250000000000025 -0 1.6099999999999999e-15 1 -0.49999999999997552 -0.86602540378445281 1.3943009000929689e-15 0.86602540378445281 -0.49999999999997552 8.0499999999996052e-16 0.10000000000000001
3 -5.3000000000000007 0.63508529610855879 3.6749999999999967 0 1.59e-15 1 -0.49999999999997163 -0.86602540378445514 1.3769803920172837e-15 -0.86602540378445514 0.49999999999997163 -7.9499999999995494e-16 0.10000000000000001
-0.78539816339744828
1 -4.8000000000000001e-16 -5.7749999999999968 0.81508117178311434 0 1 -7.7999999999999995e-16 0 7.7999999999999995e-16 1 1 -0 0 
1 -5.4000000000000004 0.97735026918958634 -1.2250000000000039 1 0 0 0 -1 1.6699999999999999e-15 0 -1.6699999999999999e-15 -1 
3 -4.3732050807568896 0.10000000000000593 3.6749999999999976 0 1.59e-15 1 0 -1 1.59e-15 -1 -0 0 0.10000000000000001
-0.78539816339744872
1 0 1.2250000000000032 0.5215430274551478 -0 1 -1.36e-15 0 1.36e-15 1 1 0 -0 
2 -5.3000000000000007 0.87735026918958636 -1.2250000000000036 -0 1.6099999999999999e-15 1 -1 0 -0 0 1 -1.6099999999999999e-15 0.10000000000000001
2 4.3732050807568896 0.099999999999998229 -1.2250000000000025 -0 1.6099999999999999e-15 1 0.49999999999997552 -0.86602540378445281 1.3943009000929689e-15 -0.86602540378445281 -0.49999999999997552 8.0499999999996052e-16 0.10000000000000001
2 5.3000000000000007 0.87735026918958636 -1.2250000000000036 -0 1.6099999999999999e-15 1 0 1 -1.6099999999999999e-15 1 -0 0 0.10000000000000001
2 5.3000000000000007 0.63508529610855091 -1.2250000000000032 -0 1.6099999999999999e-15 1 1 0 0 -0 -1 1.6099999999999999e-15 0.10000000000000001
2 -6.6999999999999993 2.6000000000000045 5.7749999999999941 -0 1.0000000000000001e-15 1 1 0 0 0 1 -1.0000000000000001e-15 0.29999999999999982
2 6.6999999999999993 2.6000000000000045 5.7749999999999941 -0 1.0000000000000001e-15 1 1 0 0 0 1 -1.0000000000000001e-15 0.29999999999999982
2 -6.7000000000000002 0.15000000000000374 5.7749999999999977 -0 1.0000000000000001e-15 1 1 0 0 0 1 -1.0000000000000001e-15 0.29999999999999893
2 6.6999999999999993 0.15000000000000463 5.7749999999999977 -0 1.0000000000000001e-15 1 1 0 0 0 1 -1.0000000000000001e-15 0.29999999999999982
2 -6.3206883814048851 -0.81441559528213148 5.7749999999999977 0 1.0000000000000001e-15 1 0.64278760968653936 -0.76604444311897801 7.6604444311897804e-16 0.76604444311897801 0.64278760968653936 -6.4278760968653939e-16 0.5
2 6.3206883814048851 -0.8144155952821317 5.7749999999999977 0 1.0000000000000001e-15 1 0.95105651629515975 0.30901699437492852 -3.0901699437492855e-16 -0.30901699437492852 0.95105651629515975 -9.5105651629515987e-16 0.5
1 -4.4000000000000004 -1.77e-15 -1.2250000000000023 0 1 -1.6099999999999999e-15 1 -0 0 0 -1.6099999999999999e-15 -1 
1 -5.3500000000000005 0.63508529610855891 3.7249999999999961 -0.70710678118654913 1.0999999999999999e-15 0.70710678118654602 -5.7182540694795958e-17 1 -1.6128174593052042e-15 0.70710678118654602 1.180868324581537e-15 0.70710678118654913 
1 4.3732050807568896 0.050000000000006227 3.7249999999999979 -0 -0.70710678118654735 0.70710678118654779 -1 0 0 0 0.70710678118654779 0.70710678118654735 
1 5.3500000000000005 0.87735026918959425 3.7249999999999961 0.70710678118654913 1.13e-15 0.70710678118654602 -3.0969337259199528e-17 -1 1.6290306627408008e-15 -0.70710678118654602 1.1737972567696717e-15 0.70710678118654913 
1 -5.2999999999999998 0.92735026918959429 3.7249999999999961 0 0.70710678118654835 0.70710678118654668 1 0 -0 0 -0.70710678118654668 0.70710678118654835 
1 5.3249999999999993 0.59178402591933621 3.724999999999997 0.3535533905932573 -0.6123724356958048 0.70710678118654702 -0.86602540378445281 -0.49999999999997558 8.3266726846886721e-16 -0.35355339059325569 0.61237243569580435 0.70710678118654813 
3 -5.3000000000000007 0.87735026918959425 3.6749999999999963 0 1.59e-15 1 -1 1.1100000000000001e-15 -1.7649000000000003e-30 1.1100000000000001e-15 1 -1.59e-15 0.10000000000000001
-0.78539816339744828
1 5.4000000000000004 0.97735026918958634 -1.2250000000000039 -0 -1 1.6099999999999999e-15 -1 0 0 -0 -1.6099999999999999e-15 -1 
1 4.4000000000000004 -1.77e-15 -1.2250000000000023 -0.49999999999997552 0.86602540378445281 -1.3899999999999999e-15 0.86602540378445281 0.49999999999997552 -8.3000000000000008e-16 -2.3801085141129991e-17 -1.6187753112603691e-15 -1 
3 4.3732050807568896 0.10000000000000604 3.6749999999999976 0 1.59e-15 1 0.49999999999997197 -0.86602540378445492 1.3769803920172833e-15 -0.86602540378445492 -0.49999999999997197 7.9499999999995543e-16 0.10000000000000001
-0.78539816339744872
3 5.3000000000000007 0.87735026918959425 3.6749999999999963 0 1.59e-15 1 -0 1 -1.59e-15 1 -0 -0 0.10000000000000001
-0.78539816339744828
1 5.4000000000000004 0.57735026918958632 -1.2250000000000032 -1 -0 -0 0 1 -1.6699999999999999e-15 0 -1.6699999999999999e-15 -1 
3 5.3000000000000007 0.63508529610855879 3.6749999999999967 0 1.59e-15 1 1 0 -0 0 -1 1.59e-15 0.10000000000000001
-0.78539816339744828
1 -6.6999999999999993 2.9000000000000044 5.7749999999999941 0 -1 1.0000000000000001e-15 1 0 0 -0 1.0000000000000001e-15 1 
1 -6.9999999999999991 0.15000000000000374 5.7749999999999977 1 0 0 0 1 -1.0000000000000001e-15 -0 1.0000000000000001e-15 1 
1 6.9999999999999991 2.6000000000000045 5.7749999999999941 -1 -0 -0 0 -1 1.0000000000000001e-15 -0 1.0000000000000001e-15 1 
1 -6.1661798842174207 -0.33888733713455177 5.7749999999999977 0.30901699437492841 0.95105651629515975 -9.5000000000000005e-16 -0.95105651629515975 0.30901699437492841 -3.1000000000000001e-16 -1.2613753953175205e-18 9.9929895873662967e-16 1 
1 6.7927050983124779 -0.13531695488854298 5.7749999999999977 -0.30901699437492852 0.95105651629515975 -9.5000000000000005e-16 -0.95105651629515975 -0.30901699437492852 3.0999999999999996e-16 1.2613753953173726e-18 9.9929895873662967e-16 1 
1 -4.9668461709224996 -1.6499999999999939 5.7749999999999986 0.76604444311897801 0.64278760968653936 -6.4000000000000005e-16 -0.64278760968653936 0.76604444311897801 -7.7000000000000009e-16 -4.678015862489407e-18 1.0012382914009984e-15 1 
1 5.9376661598453957 -0.49302179043886191 5.7749999999999977 -0.76604444311897801 0.64278760968653936 -6.4000000000000005e-16 -0.64278760968653936 -0.76604444311897801 7.7000000000000009e-16 4.678015862489407e-18 1.0012382914009984e-15 1 
1 4.9668461709224996 -1.6499999999999944 5.7749999999999986 -0 1 -1.0000000000000001e-15 -1 -0 0 0 1.0000000000000001e-15 1 
1 -6.4000000000000005e-16 1.7999999999999999e-16 0.81508117178311079 -0 1 -2.2e-16 0 2.2e-16 1 1 0 -0 
2 -6.7000000000000002 2.599999999999997 -5.7750000000000012 0 -4.4e-16 -1 1 0 0 -0 1 -4.4e-16 0.80000000000000027
2 -6.6999999999999993 2.6000000000000045 5.7749999999999968 -0 8.9000000000000007e-16 1 1 0 0 0 1 -8.9000000000000007e-16 0.80000000000000016
2 6.7000000000000002 2.599999999999997 -5.7750000000000012 0 -4.4e-16 -1 1 0 0 -0 1 -4.4e-16 0.80000000000000004
2 6.6999999999999993 2.6000000000000045 5.7749999999999968 -0 8.9000000000000007e-16 1 1 0 0 0 1 -8.9000000000000007e-16 0.79999999999999993
2 -6.7000000000000011 0.14999999999999605 -5.7750000000000004 0 -4.4e-16 -1 1 0 0 -0 1 -4.4e-16 0.79999999999999893
2 -6.7000000000000002 0.15000000000000371 5.7749999999999995 -0 8.9000000000000007e-16 1 1 0 0 0 1 -8.9000000000000007e-16 0.79999999999999882
2 6.7000000000000002 0.149999999999997 -5.7750000000000004 0 -4.4e-16 -1 1 0 0 -0 1 -4.4e-16 0.80000000000000004
2 6.6999999999999993 0.15000000000000466 5.7749999999999995 -0 8.9000000000000007e-16 1 1 0 0 0 1 -8.9000000000000007e-16 0.79999999999999993
1 -6.6999999999999993 3.3999999999999968 -5.7750000000000021 0 1 -4.4e-16 1 0 0 0 -4.4e-16 -1 
1 -7.5 0.14999999999999616 -5.7750000000000004 -1 0 0 0 1 -4.4e-16 -0 -4.4e-16 -1 
1 7.5 2.599999999999997 -5.7750000000000012 1 0 -0 0 -1 4.4e-16 0 -4.4e-16 -1 
1 -6.320688381404886 -0.81441559528213958 -5.7750000000000004 -0.30901699437492841 -0.95105651629515975 4.2000000000000002e-16 -0.95105651629515975 0.30901699437492841 -1.4000000000000001e-16 3.3607746438524276e-18 -4.4270611605645708e-16 -1 
1 6.9472135954999574 -0.61084521303612616 -5.7750000000000004 0.30901699437492852 -0.95105651629515975 4.2000000000000002e-16 -0.95105651629515975 -0.30901699437492852 1.4000000000000001e-16 -3.3607746438523783e-18 -4.4270611605645708e-16 -1 
1 -5.2000000000000002 -2.1500000000000026 -5.7749999999999995 -0.76604444311897801 -0.64278760968653936 2.8999999999999998e-16 -0.64278760968653936 0.76604444311897801 -3.4000000000000005e-16 -3.6051012110802091e-18 -4.4686351746954897e-16 -1 
1 6.320688381404886 -0.81441559528213958 -5.7750000000000004 0.76604444311897801 -0.64278760968653936 2.8999999999999998e-16 -0.64278760968653936 -0.76604444311897801 3.4000000000000005e-16 3.6051012110802091e-18 -4.4686351746954897e-16 -1 
1 5.2000000000000002 -2.1500000000000026 -5.7749999999999995 0 -1 4.4e-16 -1 0 0 -0 -4.4e-16 -1 
Triangulations 0

TShapes 308
Ve
1e-07
-5.35 0.548482755730114 3.675
0 0

0101101
*
Ve
1.00000001e-07
-5.35 0.548482755730106 -1.225
0 0

0101101
*
Ed
 1e-07 1 1 0
1  1 0 -0 4.9
2  1 2 0 -0 4.9
2  2 1 2 -0 4.9
4 G1 2 0 1 2
0

0101000
-308 6 +307 0 *
Ve
1e-07
-4.42320508075689 0.013397459621561 3.675
0 0

0101101
*
Ed
 1e-07 1 1 0
1  2 0 -0 1.07017059221716
2  3 3 0 -0 1.07017059221716
2  4 1 4 -0 1.07017059221716
0

0101000
+305 0 -308 0 *
Ve
1.00000001e-07
-4.42320508075689 0.013397459621553 -1.225
0 0

0101101
*
Ed
 1.00000001e-07 1 1 0
1  3 0 0.057735026918964 1.12790561913612
0

0101000
+307 11 -303 11 *
Ed
 1e-07 1 1 0
1  4 0 -0 4.9
2  5 4 0 -0 4.9
2  6 1 2 -0 4.9
4 G1 4 0 1 2
0

0101000
-305 6 +303 0 *
Wi

0101100
+306 3 -304 0 -302 10 -301 3 *
Fa
0  1e-07 1 0

0101000
+300 5 *
Ve
1e-07
-5.4 0.635085296108557 3.675
0 0

0101101
*
Ed
 1e-07 1 1 0
1  5 0 -9e-15 1.04719755119662
2  7 5 0 -9e-15 1.04719755119662
2  8 2 3 -9e-15 1.04719755119662
0

0101000
+308 0 -298 0 *
Ve
1.00000001e-07
-5.4 0.635085296108551 -1.225
0 0

0101101
*
Ed
 1e-07 1 1 0
1  6 0 0.523598775598268 1.5707963267949
2  9 2 0 0.523598775598268 1.5707963267949
2  10 6 15 0.523598775598268 1.5707963267949
0

0101000
+307 0 -296 0 *
Ed
 1e-07 1 1 0
1  7 0 -0 4.9
2  11 2 0 -0 4.9
2  12 7 2 -0 4.9
4 G1 2 0 7 2
0

0101000
-298 6 +296 0 *
Wi

0101100
-306 3 -297 0 +295 3 +294 3 *
Fa
0  0 2 0

0101000
+293 6 *
Ve
1e-07
-4.37320508075689 0.100000000000006 3.775
0 0

0101101
*
Ed
 1e-07 1 1 0
1  8 0 0 0.14142135623731
2  13 8 0 0 0.14142135623731
2  14 3 0 0 0.14142135623731
4 G1 8 0 3 0
0

0101000
+305 0 -291 0 *
Ve
1e-07
-5.3 0.635085296108559 3.775
0 0

0101101
*
Ed
 1e-07 1 1 0
1  9 0 -0 1.07017059221716
2  15 3 0 -0 1.07017059221716
2  16 9 17 -0 1.07017059221716
0

0101000
+291 0 -289 0 *
Ed
 1e-07 1 1 0
1  10 0 -0.070710678118655 0.070710678118655
2  17 3 0 -0.070710678118655 0.070710678118655
2  18 5 0 -0.070710678118655 0.070710678118655
4 G1 3 0 5 0
0

0101000
+308 0 -289 0 *
Wi

0101100
-290 0 +304 0 -288 0 +287 0 *
Fa
0  0 3 0

0101000
+286 0 *
Ve
1.00000001e-07
-4.37320508075689 -2e-15 -1.225
0 0

0101101
*
Ed
 1e-07 1 1 0
1  11 0 5.75958653158132 6.28318530717959
2  19 4 0 5.75958653158132 6.28318530717959
2  20 6 15 5.75958653158132 6.28318530717959
0

0101000
+303 0 -284 0 *
Ve
1.00000001e-07
-5.4 0.877350269189586 -1.225
0 0

0101101
*
Ed
 1.00000001e-07 1 1 0
1  12 0 0.1 0.342264973081036
0

0101000
+282 11 -296 11 *
Ve
1.00000001e-07
4.37320508075689 -2e-15 -1.225
0 0

0101101
*
Ed
 1.00000001e-07 1 1 0
1  13 0 0.026794919243111 8.77320508075689
0

0101000
+284 11 -280 11 *
Ve
1e-07
-5.3 0.977350269189586 -1.225
0 0

0101101
*
Ed
 1e-07 1 1 0
1  14 0 1.5707963267949 3.1415926535898
2  21 10 0 1.5707963267949 3.1415926535898
2  22 6 15 1.5707963267949 3.1415926535898
0

0101000
+282 0 -278 0 *
Ve
1.00000001e-07
4.42320508075689 0.013397459621553 -1.225
0 0

0101101
*
Ed
 1e-07 1 1 0
1  15 0 5.75958653158132 6.2831853071796
2  23 11 0 5.75958653158132 6.2831853071796
2  24 6 15 5.75958653158132 6.2831853071796
0

0101000
+276 0 -280 0 *
Ve
1e-07
5.3 0.977350269189586 -1.225
0 0

0101101
*
Ed
 1e-07 1 1 0
1  16 0 0.1 10.7
0

0101000
+274 11 -278 11 *
Ve
1.00000001e-07
5.35 0.548482755730106 -1.225
0 0

0101101
*
Ed
 1.00000001e-07 1 1 0
1  17 0 0.026794919243111 1.09696551146027
0

0101000
+276 11 -272 11 *
Ve
1.00000001e-07
5.4 0.877350269189586 -1.225
0 0

0101101
*
Ed
 1e-07 1 1 0
1  18 0 3.14159265358979 4.71238898038469
2  25 12 0 3.14159265358979 4.71238898038469
2  26 6 15 3.14159265358979 4.71238898038469
0

0101000
+274 0 -270 0 *
Ve
1.00000001e-07
5.4 0.635085296108551 -1.225
0 0

0101101
*
Ed
 1e-07 1 1 0
1  19 0 4.71238898038469 5.75958653158132
2  27 13 0 4.71238898038469 5.75958653158132
2  28 6 15 4.71238898038469 5.75958653158132
0

0101000
+268 0 -272 0 *
Ed
 1.00000001e-07 1 1 0
1  20 0 0.057735026918964 0.3
0

0101000
+268 11 -270 11 *
Wi

0101100
+302 20 -295 0 +283 0 +281 20 +279 20 -277 0 -275 0 +273 20 +271 20 -269 0 
-267 0 +266 20 *
Ve
1e-07
-6.7 -5.775 2.9
0 0

0101101
*
Ve
1e-07
6.7 -5.775 2.9
0 0

0101101
*
Ed
 1e-07 1 1 0
1  21 0 -1e-15 13.4
0

0101000
+264 0 -263 0 *
Ve
1e-07
-7 -5.775 2.6
0 0

0101101
*
Ed
 1e-07 1 1 0
1  22 0 1.5707963267949 3.14159265358979
2  29 14 12 1.5707963267949 3.14159265358979
2  30 14 21 1.5707963267949 3.14159265358979
0

0101000
+264 0 -261 0 *
Ve
1e-07
7 -5.775 2.6
0 0

0101101
*
Ed
 1e-07 1 1 0
1  23 0 6.28318530717959 7.85398163397448
2  31 15 12 6.28318530717959 7.85398163397448
2  32 15 21 6.28318530717959 7.85398163397448
0

0101000
+259 0 -263 0 *
Ve
1e-07
-7 -5.775 0.150000000000002
0 0

0101101
*
Ed
 1e-07 1 1 0
1  24 0 -0 2.45
0

0101000
+257 0 -261 0 *
Ve
1e-07
7 -5.775 0.150000000000003
0 0

0101101
*
Ed
 1e-07 1 1 0
1  25 0 0 2.45
0

0101000
+259 0 -255 0 *
Ve
1e-07
-6.79270509831248 -5.775 -0.135316954888544
0 0

0101101
*
Ed
 1e-07 1 1 0
1  26 0 3.14159265358979 4.39822971502573
2  33 16 12 3.14159265358979 4.39822971502573
2  34 16 21 3.14159265358979 4.39822971502573
0

0101000
+257 0 -253 0 *
Ve
1e-07
6.79270509831248 -5.775 -0.135316954888544
0 0

0101101
*
Ed
 1e-07 1 1 0
1  27 0 5.02654824574365 6.28318530717959
2  35 17 12 5.02654824574365 6.28318530717959
2  36 17 21 5.02654824574365 6.28318530717959
0

0101000
+251 0 -255 0 *
Ve
1e-07
-6.16617988421742 -5.775 -0.338887337134553
0 0

0101101
*
Ed
 1e-07 1 1 0
1  28 0 0 0.658767595153742
0

0101000
+249 0 -253 0 *
Ve
1e-07
6.16617988421742 -5.775 -0.338887337134553
0 0

0101101
*
Ed
 1e-07 1 1 0
1  29 0 1.5e-14 0.658767595153756
0

0101000
+251 0 -247 0 *
Ve
1e-07
-5.9376661598454 -5.775 -0.493021790438863
0 0

0101101
*
Ed
 1e-07 1 1 0
1  30 0 1.5707963267949 2.1293016874331
2  37 18 12 1.5707963267949 2.1293016874331
2  38 18 21 1.5707963267949 2.1293016874331
0

0101000
+245 0 -249 0 *
Ve
1e-07
5.9376661598454 -5.775 -0.493021790438864
0 0

0101101
*
Ed
 1e-07 1 1 0
1  31 0 1.5707963267949 2.1293016874331
2  39 19 12 1.5707963267949 2.1293016874331
2  40 19 21 1.5707963267949 2.1293016874331
0

0101000
+247 0 -243 0 *
Ve
1e-07
-4.9668461709225 -5.775 -1.65
0 0

0101101
*
Ed
 1e-07 1 1 0
1  32 0 0.2331538290775 1.74348161743721
0

0101000
+241 0 -245 0 *
Ve
1e-07
4.9668461709225 -5.775 -1.65
0 0

0101101
*
Ed
 1e-07 1 1 0
1  33 0 -0 1.51032778835971
0

0101000
+243 0 -239 0 *
Ed
 1e-07 1 1 0
1  34 0 0.233153829077499 10.1668461709225
0

0101000
+239 0 -241 0 *
Wi

0101100
+262 18 -260 18 -258 18 +256 18 +254 18 -252 18 -250 18 +248 18 +246 18 +244 18 
+242 18 +240 18 +238 18 +237 18 *
Fa
0  1e-07 6 18

0101000
+265 19 +236 0 *
Ve
1e-07
-4.37320508075689 6e-15 3.675
0 0

0101101
*
