<?xml version='1.0' encoding='utf-8'?>
<!-- FreeCAD DocumentObject -->
<Document SchemaVersion="4" FileVersion="2">
<Object name="Pocket004">
  <Properties Count="32" TransientCount="2">
    <_Property name="_Body" type="App::PropertyLinkHidden" status="251658241"/>
    <_Property name="_ElementMapVersion" type="App::PropertyString" status="234881024"/>
    <Property name="AddSubShape" type="Part::PropertyPartShape">
      <Part HasherIndex="0" ElementMap="1.15.70200.4" brep="1">
<![CDATA[

CASCADE Topology V1, (c) Matra-Datavision
Locations 5
1
              1               0               0               0 
              0              -0              -1               0 
              0               1              -0               0 
2  1 -1 0
1
              1               0               0               0 
              0               1               0          -7e-15 
              0               0               1              -7 
2  1 -1 3 1 0
2  3 -1 1 1 0
Curve2ds 24
1 1.5707963267948966 0 0 -1 
1 7.8539816339744828 0 0 -1 
1 6.2831853071795862 0 0 -1 
1 0 0 1 0 
1 0 -7 1 0 
1 6.2831853071795862 0 0 -1 
1 5.0265482457436494 0 0 -1 
1 0 0 1 0 
1 0 -7 1 0 
1 1.5707963267948966 0 0 -1 
1 2.1293016874331023 0 0 -1 
1 0 0 1 0 
1 0 -7 1 0 
1 1.5707963267948966 0 0 -1 
1 2.1293016874331023 0 0 -1 
1 0 0 1 0 
1 0 -7 1 0 
1 4.3982297150257299 0 0 -1 
1 3.1415926535897931 0 0 -1 
1 0 0 1 0 
1 0 -7 1 0 
1 3.1415926535897931 0 0 -1 
1 0 0 1 0 
1 0 -7 1 0 
Curves 28
1 -6.6999999999999993 2.9000000000000044 5.7749999999999941 0 -1.0000000000000001e-15 -1 
1 6.7000000000000002 2.9000000000000044 5.7749999999999941 0 -1.0000000000000001e-15 -1 
1 -6.6999999999999984 -5.774999999999995 2.900000000000003 1 -0 0 
1 6.9999999999999991 2.6000000000000045 5.7749999999999941 0 -1.0000000000000001e-15 -1 
2 6.6999999999999993 -5.774999999999995 2.6000000000000032 -0 -1 7.7999999999999995e-16 1 0 0 -0 7.7999999999999995e-16 1 0.29999999999999982
1 6.9999999999999991 0.15000000000000474 5.7749999999999968 0 -1.0000000000000001e-15 -1 
1 6.9999999999999991 -5.774999999999995 2.6000000000000032 -0 -7.7999999999999995e-16 -1 
1 6.7927050983124779 -0.13531695488854312 5.7749999999999977 0 -1.0000000000000001e-15 -1 
2 6.6999999999999993 -5.7749999999999977 0.15000000000000335 -0 -1 7.7999999999999995e-16 1 0 0 -0 7.7999999999999995e-16 1 0.29999999999999982
1 6.1661798842174207 -0.33888733713455171 5.7749999999999977 0 -1.0000000000000001e-15 -1 
1 6.7927050983124921 -5.7749999999999977 -0.13531695488853956 -0.95105651629515975 -2.4e-16 -0.30901699437492852 
1 5.9376661598453957 -0.49302179043886224 5.7749999999999977 0 -1.0000000000000001e-15 -1 
2 6.3206883814048851 -5.7749999999999977 -0.81441559528213303 0 -1 7.7999999999999995e-16 0.95105651629515975 2.4103325561244424e-16 0.30901699437492852 -0.30901699437492852 7.4182408271022457e-16 0.95105651629515975 0.5
1 4.9668461709224996 -1.6499999999999941 5.7749999999999986 0 -1.0000000000000001e-15 -1 
1 5.9376661598453957 -5.7749999999999977 -0.49302179043886341 -0.64278760968653936 -5.9999999999999999e-16 -0.76604444311897801 
1 -4.9668461709224996 -1.6499999999999944 5.7749999999999986 0 -1.0000000000000001e-15 -1 
1 5.1999999999999993 -5.7749999999999986 -1.6499999999999957 -1 0 -0 
1 -5.9376661598453957 -0.49302179043886168 5.7749999999999977 0 -1.0000000000000001e-15 -1 
1 -4.8169777784405099 -5.7749999999999986 -1.8286061951567258 -0.64278760968653936 5.9999999999999999e-16 0.76604444311897801 
1 -6.1661798842174207 -0.3388873371345516 5.7749999999999977 0 -1.0000000000000001e-15 -1 
2 -6.3206883814048851 -5.7749999999999977 -0.81441559528213281 0 -1 7.7999999999999995e-16 0.64278760968653936 -5.9751466563280279e-16 -0.76604444311897801 0.76604444311897801 5.0137433555550067e-16 0.64278760968653936 0.5
1 -6.7927050983124779 -0.13531695488854298 5.7749999999999977 0 -1.0000000000000001e-15 -1 
1 -6.1661798842174207 -5.7749999999999977 -0.3388873371345531 -0.95105651629515975 2.4e-16 0.30901699437492841 
1 -6.9999999999999991 0.15000000000000377 5.7749999999999977 0 -1.0000000000000001e-15 -1 
2 -6.7000000000000002 -5.7749999999999977 0.15000000000000246 -0 -1 7.7999999999999995e-16 1 0 0 -0 7.7999999999999995e-16 1 0.29999999999999893
1 -6.9999999999999991 2.6000000000000045 5.774999999999995 0 -1.0000000000000001e-15 -1 
1 -6.9999999999999991 -5.7749999999999977 0.15000000000000258 0 7.7999999999999995e-16 1 
2 -6.6999999999999993 -5.774999999999995 2.6000000000000032 -0 -1 7.7999999999999995e-16 1 0 0 -0 7.7999999999999995e-16 1 0.29999999999999982
Polygon3D 0
PolygonOnTriangulations 0
Surfaces 15
1 -6.6999999999999993 2.9000000000000044 5.7749999999999941 0 -1 1.0000000000000001e-15 1 0 0 -0 1.0000000000000001e-15 1 
2 -6.6999999999999993 2.6000000000000045 5.7749999999999941 -0 1.0000000000000001e-15 1 1 0 0 0 1 -1.0000000000000001e-15 0.29999999999999982
2 6.6999999999999993 2.6000000000000045 5.7749999999999941 -0 1.0000000000000001e-15 1 1 0 0 0 1 -1.0000000000000001e-15 0.29999999999999982
1 6.9999999999999991 2.6000000000000045 5.7749999999999941 -1 -0 -0 0 -1 1.0000000000000001e-15 -0 1.0000000000000001e-15 1 
2 6.6999999999999993 0.15000000000000463 5.7749999999999977 -0 1.0000000000000001e-15 1 1 0 0 0 1 -1.0000000000000001e-15 0.29999999999999982
1 6.7927050983124779 -0.13531695488854298 5.7749999999999977 -0.30901699437492852 0.95105651629515975 -9.5000000000000005e-16 -0.95105651629515975 -0.30901699437492852 3.0999999999999996e-16 1.2613753953173726e-18 9.9929895873662967e-16 1 
2 6.3206883814048851 -0.8144155952821317 5.7749999999999977 0 1.0000000000000001e-15 1 0.95105651629515975 0.30901699437492852 -3.0901699437492855e-16 -0.30901699437492852 0.95105651629515975 -9.5105651629515987e-16 0.5
1 5.9376661598453957 -0.49302179043886191 5.7749999999999977 -0.76604444311897801 0.64278760968653936 -6.4000000000000005e-16 -0.64278760968653936 -0.76604444311897801 7.7000000000000009e-16 4.678015862489407e-18 1.0012382914009984e-15 1 
1 4.9668461709224996 -1.6499999999999944 5.7749999999999986 -0 1 -1.0000000000000001e-15 -1 -0 0 0 1.0000000000000001e-15 1 
1 -4.9668461709224996 -1.6499999999999939 5.7749999999999986 0.76604444311897801 0.64278760968653936 -6.4000000000000005e-16 -0.64278760968653936 0.76604444311897801 -7.7000000000000009e-16 -4.678015862489407e-18 1.0012382914009984e-15 1 
2 -6.3206883814048851 -0.81441559528213148 5.7749999999999977 0 1.0000000000000001e-15 1 0.64278760968653936 -0.76604444311897801 7.6604444311897804e-16 0.76604444311897801 0.64278760968653936 -6.4278760968653939e-16 0.5
1 -6.1661798842174207 -0.33888733713455177 5.7749999999999977 0.30901699437492841 0.95105651629515975 -9.5000000000000005e-16 -0.95105651629515975 0.30901699437492841 -3.1000000000000001e-16 -1.2613753953175205e-18 9.9929895873662967e-16 1 
2 -6.7000000000000002 0.15000000000000374 5.7749999999999977 -0 1.0000000000000001e-15 1 1 0 0 0 1 -1.0000000000000001e-15 0.29999999999999893
1 -6.9999999999999991 0.15000000000000374 5.7749999999999977 1 0 0 0 1 -1.0000000000000001e-15 -0 1.0000000000000001e-15 1 
1 -4.8000000000000001e-16 -5.7749999999999968 0.81508117178311434 0 1 -7.7999999999999995e-16 0 7.7999999999999995e-16 1 1 -0 0 
Triangulations 0

TShapes 74
Ve
1e-07
-6.7 -5.775 2.9
0 0

0101101
*
Ed
 1e-07 1 1 0
1  1 0 0 7
2  1 2 0 0 7
4 G1 1 0 2 0
0

0101000
+74 2 -74 4 *
Ve
1e-07
6.7 -5.775 2.9
0 0

0101101
*
Ed
 1e-07 1 1 0
1  2 0 0 7
2  2 3 0 0 7
4 G1 1 0 3 0
0

0101000
+72 2 -72 4 *
Ed
 1e-07 1 1 0
1  3 0 -1e-15 13.4
0

0101000
+74 0 -72 0 *
Wi

0101100
+73 0 -71 0 -70 2 +70 4 *
Fa
0  1e-07 1 0

0111000
+69 0 *
Ve
1e-07
7 -5.775 2.6
0 0

0101101
*
Ed
 1e-07 1 1 0
1  4 0 0 7
2  3 3 0 0 7
4 G1 3 0 4 0
0

0101000
+67 2 -67 4 *
Ed
 1e-07 1 1 0
1  5 0 6.28318530717959 7.85398163397448
2  4 3 1 6.28318530717959 7.85398163397448
2  5 3 5 6.28318530717959 7.85398163397448
0

0101000
+67 0 -72 0 *
Wi

0101100
+66 0 -71 0 -65 2 +65 4 *
Fa
0  1e-07 3 0

0111000
+64 0 *
Ve
1e-07
7 -5.775 0.150000000000003
0 0

0101101
*
Ed
 1e-07 1 1 0
1  6 0 0 7
2  6 5 0 0 7
4 G1 4 0 5 0
0

0101000
+62 2 -62 4 *
Ed
 1e-07 1 1 0
1  7 0 0 2.45
0

0101000
+67 0 -62 0 *
Wi

0101100
+66 0 -61 0 -60 2 +60 4 *
Fa
0  1e-07 4 0

0111000
+59 0 *
Ve
1e-07
6.79270509831248 -5.775 -0.135316954888544
0 0

0101101
*
Ed
 1e-07 1 1 0
1  8 0 0 7
2  7 5 0 0 7
4 G1 5 0 6 0
0

0101000
+57 2 -57 4 *
Ed
 1e-07 1 1 0
1  9 0 5.02654824574365 6.28318530717959
2  8 5 1 5.02654824574365 6.28318530717959
2  9 5 5 5.02654824574365 6.28318530717959
0

0101000
+57 0 -62 0 *
Wi

0101100
+56 0 -61 0 -55 2 +55 4 *
Fa
0  1e-07 5 0

0111000
+54 0 *
Ve
1e-07
6.16617988421742 -5.775 -0.338887337134553
0 0

0101101
*
Ed
 1e-07 1 1 0
1  10 0 0 7
2  10 7 0 0 7
4 G1 6 0 7 0
0

0101000
+52 2 -52 4 *
Ed
 1e-07 1 1 0
1  11 0 1.5e-14 0.658767595153756
0

0101000
+57 0 -52 0 *
Wi

0101100
+56 0 -51 0 -50 2 +50 4 *
Fa
0  1e-07 6 0

0111000
+49 0 *
Ve
1e-07
5.9376661598454 -5.775 -0.493021790438864
0 0

0101101
*
Ed
 1e-07 1 1 0
1  12 0 0 7
2  11 7 0 0 7
4 G1 7 0 8 0
0

0101000
+47 2 -47 4 *
Ed
 1e-07 1 1 0
1  13 0 1.5707963267949 2.1293016874331
2  12 7 1 1.5707963267949 2.1293016874331
2  13 7 5 1.5707963267949 2.1293016874331
0

0101000
+52 0 -47 0 *
Wi

0101100
+51 0 -46 0 -45 2 +45 4 *
Fa
0  1e-07 7 0

0111000
+44 0 *
Ve
1e-07
4.9668461709225 -5.775 -1.65
0 0

0101101
*
Ed
 1e-07 1 1 0
1  14 0 0 7
0

0101000
+42 2 -42 4 *
Ed
 1e-07 1 1 0
1  15 0 -0 1.51032778835971
0

0101000
+47 0 -42 0 *
Wi

0101100
+46 0 -41 0 -40 2 +40 4 *
Fa
0  1e-07 8 0

0111000
+39 0 *
Ve
1e-07
-4.9668461709225 -5.775 -1.65
0 0

0101101
*
Ed
 1e-07 1 1 0
1  16 0 0 7
0

0101000
+37 2 -37 4 *
Ed
 1e-07 1 1 0
1  17 0 0.233153829077499 10.1668461709225
0

0101000
+42 0 -37 0 *
Wi

0101100
+41 0 -36 0 -35 2 +35 4 *
Fa
0  1e-07 9 0

0111000
+34 0 *
Ve
1e-07
-5.9376661598454 -5.775 -0.493021790438863
0 0

0101101
*
Ed
 1e-07 1 1 0
1  18 0 0 7
2  14 11 0 0 7
4 G1 10 0 11 0
0

0101000
+32 2 -32 4 *
Ed
 1e-07 1 1 0
1  19 0 0.2331538290775 1.74348161743721
0

0101000
+37 0 -32 0 *
Wi

0101100
+36 0 -31 0 -30 2 +30 4 *
Fa
0  1e-07 10 0

0111000
+29 0 *
Ve
1e-07
-6.16617988421742 -5.775 -0.338887337134553
0 0

0101101
*
Ed
 1e-07 1 1 0
1  20 0 0 7
2  15 11 0 0 7
4 G1 11 0 12 0
0

0101000
+27 2 -27 4 *
Ed
 1e-07 1 1 0
1  21 0 1.5707963267949 2.1293016874331
2  16 11 1 1.5707963267949 2.1293016874331
2  17 11 5 1.5707963267949 2.1293016874331
0

0101000
+32 0 -27 0 *
Wi

0101100
+31 0 -26 0 -25 2 +25 4 *
Fa
0  1e-07 11 0

0111000
+24 0 *
Ve
1e-07
-6.79270509831248 -5.775 -0.135316954888544
0 0

0101101
*
Ed
 1e-07 1 1 0
1  22 0 0 7
2  18 13 0 0 7
4 G1 12 0 13 0
0

0101000
+22 2 -22 4 *
Ed
 1e-07 1 1 0
1  23 0 0 0.658767595153742
0

0101000
+27 0 -22 0 *
Wi

0101100
+26 0 -21 0 -20 2 +20 4 *
Fa
0  1e-07 12 0

0111000
+19 0 *
Ve
1e-07
-7 -5.775 0.150000000000002
0 0

0101101
*
Ed
 1e-07 1 1 0
1  24 0 0 7
2  19 13 0 0 7
4 G1 13 0 14 0
0

0101000
+17 2 -17 4 *
Ed
 1e-07 1 1 0
1  25 0 3.14159265358979 4.39822971502573
2  20 13 1 3.14159265358979 4.39822971502573
2  21 13 5 3.14159265358979 4.39822971502573
0

0101000
+17 0 -22 0 *
Wi

0101100
+16 0 -21 0 -15 2 +15 4 *
Fa
0  1e-07 13 0

0111000
+14 0 *
Ve
1e-07
-7 -5.775 2.6
0 0

0101101
*
Ed
 1e-07 1 1 0
1  26 0 0 7
2  22 2 0 0 7
4 G1 14 0 2 0
0

0101000
+12 2 -12 4 *
Ed
 1e-07 1 1 0
1  27 0 -0 2.45
0

0101000
+17 0 -12 0 *
Wi

0101100
+16 0 -11 0 -10 2 +10 4 *
Fa
0  1e-07 14 0

0111000
+9 0 *
Ed
 1e-07 1 1 0
1  28 0 1.5707963267949 3.14159265358979
2  23 2 1 1.5707963267949 3.14159265358979
2  24 2 5 1.5707963267949 3.14159265358979
0

0101000
+74 0 -12 0 *
Wi

0101100
+73 0 -11 0 -7 2 +7 4 *
Fa
0  1e-07 2 0

0111000
+6 0 *
Wi

0101100
+70 0 -65 0 +60 0 -55 0 +50 0 +45 0 +40 0 +35 0 +30 0 +25 0 
+20 0 -15 0 +10 0 -7 0 *
Fa
0  1e-07 15 0

0111000
+4 0 *
Sh

0101100
+68 0 -63 0 +58 0 -53 0 +48 0 +43 0 +38 0 +33 0 +28 0 +23 0 
+18 0 -13 0 +8 0 -5 0 +3 2 -3 4 *
So

1100000
-2 0 *

+1 0 ]]>
      </Part>
      <ElementMap new="1" count="1"><Element key="Dummy" value="Dummy"/></ElementMap>
      <ElementMap2 count="86">
<![CDATA[
75 PostfixCount 13
Edge
Face
Vertex
;:U;XTR;:H43a:7,E;:H-43d,E;:H43d,E;:G;OFF;:H43d:7,E
;:U;XTR;:H43a:7,E;:H-43d,E;:H43d,E;:G;OFF;:H43d:7,E;:U2;OFF;:H43d:8,V
;:U;XTR;:H43a:7,E;:H-43d,E;:H43d,E;:G;OFF;:H43d:7,E;:U;OFF;:H43d:7,V
;:U;XTR;:H43a:7,V;:H-43d,V;:H43d,V;:G;OFF;:H43d:7,E
;:G;XTR;:H43d:7,F
;FAC;:H43d:4,F
;:G;XTR;:H43d:7,E
;:U;XTR;:H43d:7,E
;:U;XTR;:H43d:7,V
;:L#40a5;XTR;:H43d:c,F

MapCount 1

ElementMap 1 75 3

Edge

ChildCount 0

NameCount 43
0
$#406c.a 0
$#406e.a 0
$#3fbb.4 0
$#4089.b 0
$#406f.a 0
$#3fbc.4 0
$#408a.b 0
$#4070.a 0
$#3fbd.4 0
$#408b.b 0
$#4071.a 0
$#3fbe.4 0
$#408c.b 0
$#4072.a 0
$#3fbf.4 0
$#408d.b 0
$#40c5.a 0
$#3fcd.7 0
$#40c9.b 0
$#4073.a 0
$#3fc0.4 0
$#408e.b 0
$#4075.a 0
$#3fc1.4 0
$#4090.b 0
$#4077.a 0
$#3fc2.4 0
$#4092.b 0
$#40c6.a 0
$#3fd0.7 0
$#40ca.b 0
$#4078.a 0
$#3fc3.4 0
$#4093.b 0
$#4079.a 0
$#3fc4.4 0
$#4094.b 0
$#407a.a 0
$#3fc5.4 0
$#4095.b 0
$#3fc6.4 0
$#4096.b 0

Face

ChildCount 0

NameCount 17
0
$#406a.8 0
$#407b.8 0
$#407c.8 0
$#407d.8 0
$#407e.8 0
$#40c7.8 0
$#407f.8 0
$#4082.8 0
$#4084.8 0
$#40c8.8 0
$#4085.8 0
$#4086.8 0
$#4087.8 0
$#4088.8 0
$#406a.9 0
$#40a6.d 0

Vertex

ChildCount 0

NameCount 29
0
$#3fbb.6 0
$#4097.c 0
$#3fbb.5 0
$#4098.c 0
$#3fbc.6 0
$#4099.c 0
$#3fbd.5 0
$#409a.c 0
$#3fbe.6 0
$#409b.c 0
$#3fbf.5 0
$#409c.c 0
$#3fc0.6 0
$#40cb.c 0
$#3fc0.5 0
$#409d.c 0
$#3fc1.5 0
$#409f.c 0
$#3fc2.5 0
$#40a1.c 0
$#3fc3.6 0
$#40cc.c 0
$#3fc3.5 0
$#40a2.c 0
$#3fc4.6 0
$#40a3.c 0
$#3fc5.5 0
$#40a4.c 0

EndMap
]]>
      </ElementMap2>
    </Property>
    <Property name="AllowMultiFace" type="App::PropertyBool">
      <Bool value="true"/>
    </Property>
    <Property name="BaseFeature" type="App::PropertyLink" status="8">
      <Link value="Pad012"/>
    </Property>
    <Property name="ClaimChildren" type="App::PropertyBool" status="134217728">
      <Bool value="false"/>
    </Property>
    <Property name="ColoredElements" type="App::PropertyLinkSubHidden" status="218103808">
      <LinkSub value="" count="0">
      </LinkSub>
    </Property>
    <Property name="ExpressionEngine" type="App::PropertyExpressionEngine" status="67108864">
      <ExpressionEngine count="0"></ExpressionEngine>
    </Property>
    <Property name="Fit" type="App::PropertyDistance">
      <Float value="-0.5"/>
    </Property>
    <Property name="FitJoin" type="App::PropertyEnumeration">
      <Integer value="0"/>
    </Property>
    <Property name="InnerFit" type="App::PropertyDistance">
      <Float value="0"/>
    </Property>
    <Property name="InnerFitJoin" type="App::PropertyEnumeration">
      <Integer value="0"/>
    </Property>
    <Property name="InnerTaperAngle" type="App::PropertyAngle">
      <Float value="0"/>
    </Property>
    <Property name="InnerTaperAngleRev" type="App::PropertyAngle">
      <Float value="0"/>
    </Property>
    <Property name="Label" type="App::PropertyString" status="134217728">
      <String value="Pocket004"/>
    </Property>
    <Property name="Label2" type="App::PropertyString" status="128">
      <String value=""/>
    </Property>
    <Property name="Length" type="App::PropertyLength">
      <Float value="7"/>
    </Property>
    <Property name="Length2" type="App::PropertyLength">
      <Float value="100"/>
    </Property>
    <Property name="Midplane" type="App::PropertyBool">
      <Bool value="false"/>
    </Property>
    <Property name="NewSolid" type="App::PropertyBool">
      <Bool value="false"/>
    </Property>
    <Property name="Offset" type="App::PropertyLength">
      <Float value="0"/>
    </Property>
    <Property name="Placement" type="App::PropertyPlacement" status="8388620">
      <PropertyPlacement Px="0" Py="0" Pz="0" Q0="0.7071067811865477" Q1="0" Q2="0" Q3="0.7071067811865474" A="1.570796326794897" Ox="1" Oy="0" Oz="0"/>
    </Property>
    <Property name="Profile" type="App::PropertyLinkSub">
      <LinkSub value="Pad012" count="1">
        <Sub value="Face14" shadow=";#3fd6;:L#3fd4;XTR;:H43a:c,F;:H-43d,F.Face14"/>
      </LinkSub>
    </Property>
    <Property name="Refine" type="App::PropertyBool">
      <Bool value="true"/>
    </Property>
    <Property name="Reversed" type="App::PropertyBool">
      <Bool value="true"/>
    </Property>
    <Property name="Shape" type="Part::PropertyPartShape">
      <Part HasherIndex="0" ElementMap="1.15.70200.4" brep="1">
<![CDATA[

CASCADE Topology V1, (c) Matra-Datavision
Locations 27
1
              1               0               0               0 
              0               0              -1               0 
              0               1               0               0 
1
              1               0               0               0 
              0               0              -1               0 
              0               1               0               0 
1
              1               0               0               0 
              0              -0              -1               0 
              0               1              -0               0 
2  2 1 3 -1 0
1
              1               0               0               0 
              0               1               0               0 
              0               0               1               0 
1
              1               0               0               0 
              0               0              -1               0 
              0               1               0               0 
1
              1               0               0               0 
              0              -0              -1               0 
              0               1              -0               0 
1
              1               0               0              -0 
              0               1               0          -3e-15 
              0               0               1          -5.775 
2  5 1 6 1 7 -1 8 1 0
1
              1               0               0               0 
              0               1               0           5e-15 
              0               0               1           11.55 
2  5 1 6 1 7 -1 8 1 10 1 0
2  8 -1 7 1 6 -1 5 -1 0
2  10 -1 8 -1 7 1 6 -1 5 -1 0
1
              1               0               0               0 
              0              -0              -1               0 
              0               1              -0               0 
1
              1               0               0               0 
              0               0              -1               0 
              0               1               0               0 
1
              1               0               0               0 
              0               1               0               0 
              0               0               1               0 
2  14 1 15 -1 16 -1 10 -1 8 -1 7 1 6 -1 5 -1 0
1
              1               0               0              -0 
              0               1               0          -4e-15 
              0               0               1              -5 
2  18 -1 14 1 15 -1 16 -1 10 -1 8 -1 7 1 6 -1 5 -1 0
2  7 -1 8 1 2 1 3 -1 0
2  5 1 6 1 0
2  7 -1 8 1 10 1 2 1 3 -1 0
2  5 1 6 1 7 -1 8 1 10 1 2 1 3 -1 0
2  3 -1 0
1
              1               0               0               0 
              0               1               0          -7e-15 
              0               0               1              -7 
2  25 -1 3 1 0
2  3 -1 25 1 0
Curve2ds 48
1 1.5707963267948959 0 0 -1 
1 1.5707963267948961 0 0 -1 
1 3.1415926535897931 0 0 -1 
1 0 0 1 0 
1 0 -11.550000000000001 1 0 
1 0 0 1 0 
1 0 -5 1 0 
1 0 0 0 -1 
1 0 0 1 0 
1 0 -11.550000000000001 1 0 
1 0 0 1 0 
1 0 -5 1 0 
1 0 0 1 0 
1 0 -11.550000000000001 1 0 
1 0 0 1 0 
1 0 -5 1 0 
1 0 0 1 0 
1 0 -11.550000000000001 1 0 
1 0 0 1 0 
1 0 -5 1 0 
1 0 0 1 0 
1 0 -7 1 0 
1 0 0 1 0 
1 0 -7 1 0 
1 0 0 1 0 
1 0 -7 1 0 
1 0 0 1 0 
1 0 -7 1 0 
1 0 0 1 0 
1 0 -7 1 0 
1 0 0 1 0 
1 0 -7 1 0 
1 3.1415926535897931 0 0 -1 
1 6.2831853071795862 0 0 -1 
1 5.0265482457436681 0 0 -1 
1 4.3982297150257113 0 0 -1 
1 1.5707963267948966 0 0 -1 
1 7.8539816339744828 0 0 -1 
1 6.2831853071795862 0 0 -1 
1 6.2831853071795862 0 0 -1 
1 5.0265482457436494 0 0 -1 
1 1.5707963267948966 0 0 -1 
1 2.1293016874331023 0 0 -1 
1 1.5707963267948966 0 0 -1 
1 2.1293016874331023 0 0 -1 
1 4.3982297150257299 0 0 -1 
1 3.1415926535897931 0 0 -1 
1 3.1415926535897931 0 0 -1 
Curves 52
1 -6.6999999999999993 3.3999999999999968 -5.7750000000000021 0 4.4e-16 1 
1 6.6999999999999993 3.3999999999999968 -5.7750000000000021 0 4.4e-16 1 
1 -6.6999999999999993 3.3999999999999995 0 1 0 0 
1 -7.5 2.599999999999997 -5.7750000000000012 0 4.4e-16 1 
2 -6.7000000000000002 2.5999999999999996 0 0 0 1 1 0 -0 -0 1 0 0.80000000000000027
1 7.5 2.599999999999997 -5.7750000000000012 0 4.4e-16 1 
2 6.7000000000000002 2.5999999999999996 0 0 0 1 1 0 -0 -0 1 0 0.80000000000000004
1 7.5 2.5999999999999996 0 0 -1 0 
2 6.7000000000000002 0.14999999999999955 0 0 0 1 1 0 -0 -0 1 0 0.80000000000000004
1 6.9472135954999574 -0.6108452130361236 0 -0.95105651629515975 -0.30901699437492852 0 
1 6.320688381404886 -0.81441559528213703 0 -0.64278760968653936 -0.76604444311897801 0 
1 5.2000000000000002 -2.1499999999999999 0 -1 0 0 
1 -5.2000000000000002 -2.1499999999999999 0 -0.64278760968653936 0.76604444311897801 0 
1 -6.320688381404886 -0.81441559528213703 0 -0.95105651629515975 0.30901699437492841 0 
2 -6.7000000000000011 0.14999999999999861 0 0 0 1 1 0 -0 -0 1 0 0.79999999999999893
1 -7.5 0.14999999999999872 0 0 1 0 
1 -6.6999999999999984 -5.774999999999995 2.900000000000003 1 -0 0 
2 6.6999999999999993 -5.774999999999995 2.6000000000000032 -0 -1 7.7999999999999995e-16 1 0 0 -0 7.7999999999999995e-16 1 0.29999999999999982
1 6.9999999999999991 -5.774999999999995 2.6000000000000032 -0 -7.7999999999999995e-16 -1 
2 6.6999999999999993 -5.7749999999999977 0.15000000000000335 -0 -1 7.7999999999999995e-16 1 0 0 -0 7.7999999999999995e-16 1 0.29999999999999982
1 6.7927050983124921 -5.7749999999999977 -0.13531695488853956 -0.95105651629515975 -2.4e-16 -0.30901699437492852 
2 6.3206883814048851 -5.7749999999999977 -0.81441559528213303 0 -1 7.7999999999999995e-16 0.95105651629515975 2.4103325561244424e-16 0.30901699437492852 -0.30901699437492852 7.4182408271022457e-16 0.95105651629515975 0.5
1 5.9376661598453957 -5.7749999999999977 -0.49302179043886341 -0.64278760968653936 -5.9999999999999999e-16 -0.76604444311897801 
1 5.1999999999999993 -5.7749999999999986 -1.6499999999999957 -1 0 -0 
1 -4.8169777784405099 -5.7749999999999986 -1.8286061951567258 -0.64278760968653936 5.9999999999999999e-16 0.76604444311897801 
2 -6.3206883814048851 -5.7749999999999977 -0.81441559528213281 0 -1 7.7999999999999995e-16 0.64278760968653936 -5.9751466563280279e-16 -0.76604444311897801 0.76604444311897801 5.0137433555550067e-16 0.64278760968653936 0.5
1 -6.1661798842174207 -5.7749999999999977 -0.3388873371345531 -0.95105651629515975 2.4e-16 0.30901699437492841 
2 -6.7000000000000002 -5.7749999999999977 0.15000000000000246 -0 -1 7.7999999999999995e-16 1 0 0 -0 7.7999999999999995e-16 1 0.29999999999999893
1 -6.9999999999999991 -5.7749999999999977 0.15000000000000258 0 7.7999999999999995e-16 1 
2 -6.6999999999999993 -5.774999999999995 2.6000000000000032 -0 -1 7.7999999999999995e-16 1 0 0 -0 7.7999999999999995e-16 1 0.29999999999999982
1 -7.5 0.14999999999999616 -5.7750000000000004 0 4.4e-16 1 
1 7.5 0.14999999999999686 -5.7750000000000004 0 4.4e-16 1 
1 6.9472135954999574 -0.61084521303612616 -5.7750000000000004 0 4.4e-16 1 
1 6.320688381404886 -0.81441559528213958 -5.7750000000000004 0 4.4e-16 1 
1 5.2000000000000002 -2.1500000000000026 -5.7749999999999995 0 4.4e-16 1 
1 -5.2000000000000002 -2.1500000000000026 -5.7749999999999995 0 4.4e-16 1 
1 -6.320688381404886 -0.81441559528213958 -5.7750000000000004 0 4.4e-16 1 
1 -6.9472135954999583 -0.61084521303612593 -5.7750000000000004 0 4.4e-16 1 
1 -6.6999999999999993 2.9000000000000044 5.7749999999999941 0 -1.0000000000000001e-15 -1 
1 6.7000000000000002 2.9000000000000044 5.7749999999999941 0 -1.0000000000000001e-15 -1 
1 6.9999999999999991 2.6000000000000045 5.7749999999999941 0 -1.0000000000000001e-15 -1 
1 6.9999999999999991 0.15000000000000474 5.7749999999999968 0 -1.0000000000000001e-15 -1 
1 6.7927050983124779 -0.13531695488854312 5.7749999999999977 0 -1.0000000000000001e-15 -1 
1 6.1661798842174207 -0.33888733713455171 5.7749999999999977 0 -1.0000000000000001e-15 -1 
1 5.9376661598453957 -0.49302179043886224 5.7749999999999977 0 -1.0000000000000001e-15 -1 
1 4.9668461709224996 -1.6499999999999941 5.7749999999999986 0 -1.0000000000000001e-15 -1 
1 -4.9668461709224996 -1.6499999999999944 5.7749999999999986 0 -1.0000000000000001e-15 -1 
1 -5.9376661598453957 -0.49302179043886168 5.7749999999999977 0 -1.0000000000000001e-15 -1 
1 -6.1661798842174207 -0.3388873371345516 5.7749999999999977 0 -1.0000000000000001e-15 -1 
1 -6.7927050983124779 -0.13531695488854298 5.7749999999999977 0 -1.0000000000000001e-15 -1 
1 -6.9999999999999991 0.15000000000000377 5.7749999999999977 0 -1.0000000000000001e-15 -1 
1 -6.9999999999999991 2.6000000000000045 5.774999999999995 0 -1.0000000000000001e-15 -1 
Polygon3D 0
PolygonOnTriangulations 0
Surfaces 32
1 -6.6999999999999993 3.3999999999999968 -5.7750000000000021 0 1 -4.4e-16 1 0 0 0 -4.4e-16 -1 
2 -6.7000000000000002 2.599999999999997 -5.7750000000000012 0 -4.4e-16 -1 1 0 0 -0 1 -4.4e-16 0.80000000000000027
2 6.7000000000000002 2.599999999999997 -5.7750000000000012 0 -4.4e-16 -1 1 0 0 -0 1 -4.4e-16 0.80000000000000004
1 -7.5 0.14999999999999616 -5.7750000000000004 -1 0 0 0 1 -4.4e-16 -0 -4.4e-16 -1 
2 -6.6999999999999993 2.6000000000000045 5.7749999999999968 -0 8.9000000000000007e-16 1 1 0 0 0 1 -8.9000000000000007e-16 0.80000000000000016
1 7.5 2.599999999999997 -5.7750000000000012 1 0 -0 0 -1 4.4e-16 0 -4.4e-16 -1 
2 6.6999999999999993 2.6000000000000045 5.7749999999999968 -0 8.9000000000000007e-16 1 1 0 0 0 1 -8.9000000000000007e-16 0.79999999999999993
1 -6.4000000000000005e-16 1.7999999999999999e-16 0.81508117178311079 -0 1 -2.2e-16 0 2.2e-16 1 1 0 -0 
2 6.7000000000000002 0.149999999999997 -5.7750000000000004 0 -4.4e-16 -1 1 0 0 -0 1 -4.4e-16 0.80000000000000004
2 6.6999999999999993 0.15000000000000466 5.7749999999999995 -0 8.9000000000000007e-16 1 1 0 0 0 1 -8.9000000000000007e-16 0.79999999999999993
2 -6.7000000000000011 0.14999999999999605 -5.7750000000000004 0 -4.4e-16 -1 1 0 0 -0 1 -4.4e-16 0.79999999999999893
2 -6.7000000000000002 0.15000000000000371 5.7749999999999995 -0 8.9000000000000007e-16 1 1 0 0 0 1 -8.9000000000000007e-16 0.79999999999999882
2 6.6999999999999993 2.6000000000000045 5.7749999999999941 -0 1.0000000000000001e-15 1 1 0 0 0 1 -1.0000000000000001e-15 0.29999999999999982
2 6.6999999999999993 0.15000000000000463 5.7749999999999977 -0 1.0000000000000001e-15 1 1 0 0 0 1 -1.0000000000000001e-15 0.29999999999999982
2 6.3206883814048851 -0.8144155952821317 5.7749999999999977 0 1.0000000000000001e-15 1 0.95105651629515975 0.30901699437492852 -3.0901699437492855e-16 -0.30901699437492852 0.95105651629515975 -9.5105651629515987e-16 0.5
2 -6.3206883814048851 -0.81441559528213148 5.7749999999999977 0 1.0000000000000001e-15 1 0.64278760968653936 -0.76604444311897801 7.6604444311897804e-16 0.76604444311897801 0.64278760968653936 -6.4278760968653939e-16 0.5
2 -6.7000000000000002 0.15000000000000374 5.7749999999999977 -0 1.0000000000000001e-15 1 1 0 0 0 1 -1.0000000000000001e-15 0.29999999999999893
2 -6.6999999999999993 2.6000000000000045 5.7749999999999941 -0 1.0000000000000001e-15 1 1 0 0 0 1 -1.0000000000000001e-15 0.29999999999999982
1 6.9472135954999574 -0.61084521303612616 -5.7750000000000004 0.30901699437492852 -0.95105651629515975 4.2000000000000002e-16 -0.95105651629515975 -0.30901699437492852 1.4000000000000001e-16 -3.3607746438523783e-18 -4.4270611605645708e-16 -1 
1 6.320688381404886 -0.81441559528213958 -5.7750000000000004 0.76604444311897801 -0.64278760968653936 2.8999999999999998e-16 -0.64278760968653936 -0.76604444311897801 3.4000000000000005e-16 3.6051012110802091e-18 -4.4686351746954897e-16 -1 
1 5.2000000000000002 -2.1500000000000026 -5.7749999999999995 0 -1 4.4e-16 -1 0 0 -0 -4.4e-16 -1 
1 -5.2000000000000002 -2.1500000000000026 -5.7749999999999995 -0.76604444311897801 -0.64278760968653936 2.8999999999999998e-16 -0.64278760968653936 0.76604444311897801 -3.4000000000000005e-16 -3.6051012110802091e-18 -4.4686351746954897e-16 -1 
1 -6.320688381404886 -0.81441559528213958 -5.7750000000000004 -0.30901699437492841 -0.95105651629515975 4.2000000000000002e-16 -0.95105651629515975 0.30901699437492841 -1.4000000000000001e-16 3.3607746438524276e-18 -4.4270611605645708e-16 -1 
1 -6.6999999999999993 2.9000000000000044 5.7749999999999941 0 -1 1.0000000000000001e-15 1 0 0 -0 1.0000000000000001e-15 1 
1 6.9999999999999991 2.6000000000000045 5.7749999999999941 -1 -0 -0 0 -1 1.0000000000000001e-15 -0 1.0000000000000001e-15 1 
1 6.7927050983124779 -0.13531695488854298 5.7749999999999977 -0.30901699437492852 0.95105651629515975 -9.5000000000000005e-16 -0.95105651629515975 -0.30901699437492852 3.0999999999999996e-16 1.2613753953173726e-18 9.9929895873662967e-16 1 
1 5.9376661598453957 -0.49302179043886191 5.7749999999999977 -0.76604444311897801 0.64278760968653936 -6.4000000000000005e-16 -0.64278760968653936 -0.76604444311897801 7.7000000000000009e-16 4.678015862489407e-18 1.0012382914009984e-15 1 
1 4.9668461709224996 -1.6499999999999944 5.7749999999999986 -0 1 -1.0000000000000001e-15 -1 -0 0 0 1.0000000000000001e-15 1 
1 -4.9668461709224996 -1.6499999999999939 5.7749999999999986 0.76604444311897801 0.64278760968653936 -6.4000000000000005e-16 -0.64278760968653936 0.76604444311897801 -7.7000000000000009e-16 -4.678015862489407e-18 1.0012382914009984e-15 1 
1 -6.1661798842174207 -0.33888733713455177 5.7749999999999977 0.30901699437492841 0.95105651629515975 -9.5000000000000005e-16 -0.95105651629515975 0.30901699437492841 -3.1000000000000001e-16 -1.2613753953175205e-18 9.9929895873662967e-16 1 
1 -6.9999999999999991 0.15000000000000374 5.7749999999999977 1 0 0 0 1 -1.0000000000000001e-15 -0 1.0000000000000001e-15 1 
1 -4.8000000000000001e-16 -5.7749999999999968 0.81508117178311434 0 1 -7.7999999999999995e-16 0 7.7999999999999995e-16 1 1 -0 0 
Triangulations 0

TShapes 167
Ve
1e-07
-6.7 3.4 0
0 0

0101101
*
Ed
 1e-07 1 1 0
1  1 0 0 11.55
2  1 2 0 0 11.55
4 G1 1 0 2 0
0

0101000
+167 9 -167 11 *
Ve
1e-07
6.7 3.4 0
0 0

0101101
*
Ed
 1e-07 1 1 0
1  2 0 0 11.55
2  2 3 0 0 11.55
4 G1 1 0 3 0
0

0101000
+165 9 -165 11 *
Ed
 1e-07 1 1 0
1  3 0 0 13.4
0

0101000
+167 0 -165 0 *
Wi

0101100
+166 0 -164 0 -163 9 +163 11 *
Fa
0  1e-07 1 0

0101000
+162 0 *
Ve
1e-07
-7.5 2.6 0
0 0

0101101
*
Ed
 1e-07 1 1 0
1  4 0 0 11.55
2  3 2 0 0 11.55
4 G1 4 0 2 0
0

0101000
+160 9 -160 11 *
Ed
 1e-07 1 1 0
1  5 0 1.5707963267949 3.14159265358979
2  4 2 12 1.5707963267949 3.14159265358979
2  5 2 13 1.5707963267949 3.14159265358979
2  6 5 17 1.5707963267949 3.14159265358979
2  7 5 19 1.5707963267949 3.14159265358979
0

0101000
+167 0 -160 0 *
Wi

0101100
+166 0 -159 0 -158 9 +158 11 *
Fa
0  1e-07 2 0

0101000
+157 0 *
Ve
1e-07
7.5 2.6 0
0 0

0101101
*
Ed
 1e-07 1 1 0
1  6 0 0 11.55
2  8 3 0 0 11.55
4 G1 3 0 6 0
0

0101000
+155 9 -155 11 *
Ed
 1e-07 1 1 0
1  7 0 0 1.5707963267949
2  9 3 12 0 1.5707963267949
2  10 3 13 0 1.5707963267949
2  11 7 17 0 1.5707963267949
2  12 7 19 0 1.5707963267949
0

0101000
+155 0 -165 0 *
Wi

0101100
+154 0 -164 0 -153 9 +153 11 *
Fa
0  1e-07 3 0

0101000
+152 0 *
Ve
1e-07
7.5 0.149999999999999 0
0 0

0101101
*
Ed
 1e-07 1 1 0
1  8 0 0 2.45
0

0101000
+155 0 -150 0 *
Ve
1e-07
6.94721359549996 -0.610845213036124 0
0 0

0101101
*
Ed
 1e-07 1 1 0
1  9 0 5.02654824574367 6.28318530717959
2  13 9 12 5.02654824574367 6.28318530717959
2  14 9 13 5.02654824574367 6.28318530717959
2  15 10 17 5.02654824574367 6.28318530717959
2  16 10 19 5.02654824574367 6.28318530717959
0

0101000
+148 0 -150 0 *
Ve
1e-07
6.32068838140489 -0.814415595282137 0
0 0

0101101
*
Ed
 1e-07 1 1 0
1  10 0 0 0.658767595153756
0

0101000
+148 0 -146 0 *
Ve
1e-07
5.2 -2.15 0
0 0

0101101
*
Ed
 1e-07 1 1 0
1  11 0 0 1.74348161743721
0

0101000
+146 0 -144 0 *
Ve
1e-07
-5.2 -2.15 0
0 0

0101101
*
Ed
 1e-07 1 1 0
1  12 0 0 10.4
0

0101000
+144 0 -142 0 *
Ve
1e-07
-6.32068838140489 -0.814415595282137 0
0 0

0101101
*
Ed
 1e-07 1 1 0
1  13 0 0 1.74348161743721
0

0101000
+142 0 -140 0 *
Ve
1e-07
-6.94721359549996 -0.610845213036123 0
0 0

0101101
*
Ed
 1e-07 1 1 0
1  14 0 0 0.658767595153757
0

0101000
+140 0 -138 0 *
Ve
1e-07
-7.5 0.149999999999999 0
0 0

0101101
*
Ed
 1e-07 1 1 0
1  15 0 3.14159265358979 4.39822971502571
2  17 11 12 3.14159265358979 4.39822971502571
2  18 11 13 3.14159265358979 4.39822971502571
2  19 12 17 3.14159265358979 4.39822971502571
2  20 12 19 3.14159265358979 4.39822971502571
0

0101000
+136 0 -138 0 *
Ed
 1e-07 1 1 0
1  16 0 0 2.45
0

0101000
+136 0 -160 0 *
Wi

0101100
+163 0 -153 0 +149 0 -147 0 +145 0 +143 0 +141 0 +139 0 +137 0 -135 0 
+134 0 -158 0 *
Fa
0  1e-07 8 0

0101000
+133 21 *
Wi

0101100
+163 23 -158 23 -153 23 +134 23 +149 23 -135 23 -147 23 +137 23 +145 23 +139 23 
+143 23 +141 23 *
Ve
1.00000003e-07
-6.7 2.9 5.77499999999999
0 0

0101101
*
Ve
1.00000003e-07
6.7 2.9 5.77499999999999
0 0

0101101
*
Ed
 1.00000003e-07 1 1 0
1  17 0 -1e-15 13.4
0

0101000
+130 3 -129 3 *
Ve
1.00000004e-07
7 2.6 5.77499999999999
0 0

0101101
*
Ed
 1.00000003e-07 1 1 0
1  18 0 6.28318530717959 7.85398163397448
2  21 13 3 6.28318530717959 7.85398163397448
2  22 13 26 6.28318530717959 7.85398163397448
0

0101000
+127 3 -129 3 *
Ve
1.00000004e-07
7 0.150000000000005 5.775
0 0

0101101
*
Ed
 1.00000004e-07 1 1 0
1  19 0 0 2.45
0

0101000
+127 3 -125 3 *
Ve
1.00000002e-07
6.79270509831248 -0.135316954888543 5.775
0 0

0101101
*
Ed
 1.00000002e-07 1 1 0
1  20 0 5.02654824574365 6.28318530717959
2  23 14 3 5.02654824574365 6.28318530717959
2  24 14 26 5.02654824574365 6.28318530717959
0

0101000
+123 3 -125 3 *
Ve
1.00000003e-07
6.16617988421742 -0.338887337134552 5.775
0 0

0101101
*
Ed
 1.00000002e-07 1 1 0
1  21 0 1.5e-14 0.658767595153756
0

0101000
+123 3 -121 3 *
Ve
1.00000003e-07
5.9376661598454 -0.493021790438862 5.775
0 0

0101101
*
Ed
 1.00000003e-07 1 1 0
1  22 0 1.5707963267949 2.1293016874331
2  25 15 3 1.5707963267949 2.1293016874331
2  26 15 26 1.5707963267949 2.1293016874331
0

0101000
+121 3 -119 3 *
Ve
1.00000003e-07
4.9668461709225 -1.64999999999999 5.775
0 0

0101101
*
Ed
 1.00000003e-07 1 1 0
1  23 0 -0 1.51032778835971
0

0101000
+119 3 -117 3 *
Ve
1.00000003e-07
-4.9668461709225 -1.64999999999999 5.775
0 0

0101101
*
Ed
 1.00000002e-07 1 1 0
1  24 0 0.233153829077499 10.1668461709225
0

0101000
+117 3 -115 3 *
Ve
1.00000003e-07
-5.9376661598454 -0.493021790438862 5.775
0 0

0101101
*
Ed
 1.00000003e-07 1 1 0
1  25 0 0.2331538290775 1.74348161743721
0

0101000
+115 3 -113 3 *
Ve
1.00000003e-07
-6.16617988421742 -0.338887337134552 5.775
0 0

0101101
*
Ed
 1.00000003e-07 1 1 0
1  26 0 1.5707963267949 2.1293016874331
2  27 16 3 1.5707963267949 2.1293016874331
2  28 16 26 1.5707963267949 2.1293016874331
0

0101000
+113 3 -111 3 *
Ve
1.00000002e-07
-6.79270509831248 -0.135316954888543 5.775
0 0

0101101
*
Ed
 1.00000002e-07 1 1 0
1  27 0 0 0.658767595153742
0

0101000
+111 3 -109 3 *
Ve
1.00000002e-07
-7 0.150000000000004 5.775
0 0

0101101
*
Ed
 1.00000002e-07 1 1 0
1  28 0 3.14159265358979 4.39822971502573
2  29 17 3 3.14159265358979 4.39822971502573
2  30 17 26 3.14159265358979 4.39822971502573
0

0101000
+107 3 -109 3 *
Ve
1.00000003e-07
-7 2.6 5.775
0 0

0101101
*
Ed
 1.00000002e-07 1 1 0
1  29 0 -0 2.45
0

0101000
+107 3 -105 3 *
Ed
 1.00000003e-07 1 1 0
1  30 0 1.5707963267949 3.14159265358979
2  31 18 3 1.5707963267949 3.14159265358979
2  32 18 26 1.5707963267949 3.14159265358979
0

0101000
+130 3 -105 3 *
Wi

0101100
-128 24 +126 24 -124 24 +122 24 -120 24 -118 24 -116 24 -114 24 -112 24 -110 24 
-108 24 +106 24 -104 24 +103 24 *
Fa
0  1e-07 8 22

0101000
+131 0 +102 0 *
Ed
 1e-07 1 1 0
1  31 0 0 11.55
2  33 11 0 0 11.55
4 G1 11 0 4 0
0

0101000
+136 9 -136 11 *
Wi

0101100
+100 0 -159 0 -134 9 +134 11 *
Fa
0  1e-07 4 0

0101000
+99 0 *
Ed
 1e-07 1 1 0
1  32 0 0 11.55
2  34 9 0 0 11.55
4 G1 6 0 9 0
0

0101000
+150 9 -150 11 *
Wi

0101100
+154 0 -97 0 -149 9 +149 11 *
Fa
0  1e-07 6 0

0101000
+96 0 *
Ed
 1e-07 1 1 0
1  33 0 0 11.55
2  35 9 0 0 11.55
4 G1 9 0 19 0
0

0101000
+148 9 -148 11 *
Wi

0101100
+94 0 -97 0 -147 9 +147 11 *
Fa
0  1e-07 9 0

0101000
+93 0 *
Ed
 1e-07 1 1 0
1  34 0 0 11.55
0

0101000
+146 9 -146 11 *
Wi

0101100
+94 0 -91 0 -145 9 +145 11 *
Fa
0  1e-07 19 0

0101000
+90 0 *
Ed
 1e-07 1 1 0
1  35 0 0 11.55
0

0101000
+144 9 -144 11 *
Wi

0101100
+91 0 -88 0 -143 9 +143 11 *
Fa
0  1e-07 20 0

0101000
+87 0 *
Ed
 1e-07 1 1 0
1  36 0 0 11.55
0

0101000
+142 9 -142 11 *
Wi

0101100
+88 0 -85 0 -141 9 +141 11 *
Fa
0  1e-07 21 0

0101000
+84 0 *
Ed
 1e-07 1 1 0
1  37 0 0 11.55
0

0101000
+140 9 -140 11 *
Wi

0101100
+85 0 -82 0 -139 9 +139 11 *
Fa
0  1e-07 22 0

0101000
+81 0 *
Ed
 1e-07 1 1 0
1  38 0 0 11.55
2  36 11 0 0 11.55
4 G1 23 0 11 0
0

0101000
+138 9 -138 11 *
Wi

0101100
+82 0 -79 0 -137 9 +137 11 *
Fa
0  1e-07 23 0

0101000
+78 0 *
Wi

0101100
+100 0 -79 0 -135 9 +135 11 *
Fa
0  1e-07 11 0

0101000
+76 0 *
Ve
1e-07
-6.7 -5.775 2.9
0 0

0101101
*
Ed
 1e-07 1 1 0
1  39 0 0 7
2  37 18 0 0 7
4 G1 24 0 18 0
0

0101000
+130 0 -74 27 *
Ve
1e-07
6.7 -5.775 2.9
0 0

0101101
*
Ed
 1e-07 1 1 0
1  40 0 0 7
2  38 13 0 0 7
4 G1 24 0 13 0
0

0101000
+129 0 -72 27 *
Ed
 1e-07 1 1 0
1  17 0 -1e-15 13.4
0

0101000
+74 0 -72 0 *
Wi

0101100
+73 0 -71 0 -128 24 +70 27 *
Fa
0  1e-07 24 0

0101000
+69 0 *
Ve
1e-07
7 -5.775 2.6
0 0

0101101
*
Ed
 1e-07 1 1 0
1  41 0 0 7
2  39 13 0 0 7
4 G1 13 0 25 0
0

0101000
+127 0 -67 27 *
Ed
 1e-07 1 1 0
1  18 0 6.28318530717959 7.85398163397448
2  21 13 3 6.28318530717959 7.85398163397448
2  22 13 26 6.28318530717959 7.85398163397448
0

0101000
+67 0 -72 0 *
Wi

0101100
+66 0 -71 0 -126 24 +65 27 *
Fa
0  1e-07 13 0

0101000
+64 0 *
Ve
1e-07
7 -5.775 0.150000000000003
0 0

0101101
*
Ed
 1e-07 1 1 0
1  42 0 0 7
2  40 14 0 0 7
4 G1 25 0 14 0
0

0101000
+125 0 -62 27 *
Ed
 1e-07 1 1 0
1  19 0 0 2.45
0

0101000
+67 0 -62 0 *
Wi

0101100
+66 0 -61 0 -124 24 +60 27 *
Fa
0  1e-07 25 0

0101000
+59 0 *
Ve
1e-07
6.79270509831248 -5.775 -0.135316954888544
0 0

0101101
*
Ed
 1e-07 1 1 0
1  43 0 0 7
2  41 14 0 0 7
4 G1 14 0 26 0
0

0101000
+123 0 -57 27 *
Ed
 1e-07 1 1 0
1  20 0 5.02654824574365 6.28318530717959
2  23 14 3 5.02654824574365 6.28318530717959
2  24 14 26 5.02654824574365 6.28318530717959
0

0101000
+57 0 -62 0 *
Wi

0101100
+56 0 -61 0 -122 24 +55 27 *
Fa
0  1e-07 14 0

0101000
+54 0 *
Ve
1e-07
6.16617988421742 -5.775 -0.338887337134553
0 0

0101101
*
Ed
 1e-07 1 1 0
1  44 0 0 7
2  42 15 0 0 7
4 G1 26 0 15 0
0

0101000
+121 0 -52 27 *
Ed
 1e-07 1 1 0
1  21 0 1.5e-14 0.658767595153756
0

0101000
+57 0 -52 0 *
Wi

0101100
+56 0 -51 0 -120 24 +50 27 *
Fa
0  1e-07 26 0

0101000
+49 0 *
Ve
1e-07
5.9376661598454 -5.775 -0.493021790438864
0 0

0101101
*
Ed
 1e-07 1 1 0
1  45 0 0 7
2  43 15 0 0 7
4 G1 15 0 27 0
0

0101000
+119 0 -47 27 *
Ed
 1e-07 1 1 0
1  22 0 1.5707963267949 2.1293016874331
2  25 15 3 1.5707963267949 2.1293016874331
2  26 15 26 1.5707963267949 2.1293016874331
0

0101000
+52 0 -47 0 *
Wi

0101100
+51 0 -46 0 -118 24 +45 27 *
Fa
0  1e-07 15 0

0101000
+44 0 *
Ve
1e-07
4.9668461709225 -5.775 -1.65
0 0

0101101
*
Ed
 1e-07 1 1 0
1  46 0 0 7
0

0101000
+117 0 -42 27 *
Ed
 1e-07 1 1 0
1  23 0 -0 1.51032778835971
0

0101000
+47 0 -42 0 *
Wi

0101100
+46 0 -41 0 -116 24 +40 27 *
Fa
0  1e-07 27 0

0101000
+39 0 *
Ve
1e-07
-4.9668461709225 -5.775 -1.65
0 0

0101101
*
Ed
 1e-07 1 1 0
1  47 0 0 7
0

0101000
+115 0 -37 27 *
Ed
 1e-07 1 1 0
1  24 0 0.233153829077499 10.1668461709225
0

0101000
+42 0 -37 0 *
Wi

0101100
+41 0 -36 0 -114 24 +35 27 *
Fa
0  1e-07 28 0

0101000
+34 0 *
Ve
1e-07
-5.9376661598454 -5.775 -0.493021790438863
0 0

0101101
*
Ed
 1e-07 1 1 0
1  48 0 0 7
2  44 16 0 0 7
4 G1 29 0 16 0
