<?xml version='1.0' encoding='utf-8'?>
<!-- FreeCAD DocumentObject -->
<Document SchemaVersion="4" FileVersion="2">
<Object name="Mirrored008">
  <Properties Count="21" TransientCount="2">
    <_Property name="_Body" type="App::PropertyLinkHidden" status="251658241"/>
    <_Property name="_ElementMapVersion" type="App::PropertyString" status="234881024"/>
    <Property name="AddSubShape" type="Part::PropertyPartShape">
      <Part HasherIndex="0" ElementMap="1.15.70200.4" brep="1">
<![CDATA[

CASCADE Topology V1, (c) Matra-Datavision
Locations 82
1
              1 2.46519032881566e-32 3.33066907387547e-16               0 
1.23259516440784e-32               1 -1.11022302462516e-16               0 
-3.33066907387547e-16 1.11022302462516e-16               1               0 
1
              1               0               0               0 
              0               1               0               0 
              0               0               1               0 
2  1 1 2 1 0
1
              1               0               0               0 
              0               1               0               0 
              0               0               1               0 
1
              0 -1.11022302462516e-16               1               0 
              1 1.11022302462516e-16 1.23259516440784e-32               0 
-1.11022302462516e-16               1 1.11022302462516e-16               0 
1
-2.22044604925031e-16 -4.93038065763131e-32               1               0 
              1               0 2.22044604925031e-16               0 
-1.09476442525376e-47               1 4.93038065763131e-32               0 
2  4 -1 5 1 6 -1 0
1
              1               0               0               0 
              0               1               0               0 
              0               0               1               0 
1
             -1 -9.10458422078409e-16 4.44089209850063e-16 20.3193460000002 
9.10458422078409e-16              -1 9.99959775588084e-16 3.96508223080413e-15 
4.44089209850062e-16 9.99959775588084e-16               1 3.37871100000001 
1
-2.22044604925031e-16 -4.93038065763131e-32               1               0 
              1               0 2.22044604925031e-16               0 
-1.09476442525376e-47               1 4.93038065763131e-32               0 
1
              1               0               0 -1.34994569704391e-15 
              0               1               0           -1.35 
              0               0               1 -2.99760216648793e-16 
1
              1               0               0 2.69989139408782e-15 
              0               1               0             2.7 
              0               0               1 5.99520433297586e-16 
1
              1               0               0               0 
              0               1               0               0 
              0               0               1               0 
2  8 1 9 1 10 -1 11 1 12 1 13 1 5 1 6 -1 0
2  4 -1 13 -1 12 -1 11 -1 10 1 9 -1 8 -1 0
2  1 -1 6 1 5 -1 13 -1 12 -1 11 -1 10 1 9 -1 8 -1 0
1
              1               0               0               0 
              0               1               0               0 
              0               0               1               0 
2  1 -1 17 -1 0
2  13 1 5 1 6 -1 0
2  1 -1 6 1 5 -1 13 -1 0
2  8 1 9 1 10 -1 11 1 13 1 5 1 6 -1 0
2  4 -1 13 -1 11 -1 10 1 9 -1 8 -1 0
2  1 -1 6 1 5 -1 13 -1 11 -1 10 1 9 -1 8 -1 0
1
              1 2.46519032881566e-32 3.33066907387547e-16               0 
1.23259516440784e-32               1 -1.11022302462516e-16               0 
-3.33066907387547e-16 1.11022302462516e-16               1               0 
1
              1               0               0               0 
              0               1               0               0 
              0               0               1               0 
2  24 1 25 1 0
1
              0 -1.11022302462516e-16               1               0 
              1 1.11022302462516e-16 1.23259516440784e-32               0 
-1.11022302462516e-16               1 1.11022302462516e-16               0 
1
-2.22044604925031e-16 -4.93038065763131e-32               1               0 
              1               0 2.22044604925031e-16               0 
-1.09476442525376e-47               1 4.93038065763131e-32               0 
2  27 1 28 -1 0
2  24 -1 28 1 27 -1 0
1
              1               0               0               0 
              0               1               0               0 
              0               0               1               0 
2  24 -1 31 -1 0
2  8 1 9 1 10 -1 11 1 27 1 28 -1 0
2  24 -1 28 1 27 -1 11 -1 10 1 9 -1 8 -1 0
2  8 1 9 1 10 -1 11 1 12 1 27 1 28 -1 0
2  24 -1 28 1 27 -1 12 -1 11 -1 10 1 9 -1 8 -1 0
2  10 -1 11 1 27 1 28 -1 0
2  10 -1 11 1 12 1 27 1 28 -1 0
1
              1 2.46519032881566e-32 3.33066907387547e-16               0 
1.23259516440784e-32               1 -1.11022302462516e-16               0 
-3.33066907387547e-16 1.11022302462516e-16               1               0 
1
              1               0               0               0 
              0               1               0               0 
              0               0               1               0 
2  39 1 40 1 0
1
              0 -1.11022302462516e-16               1               0 
              1 1.11022302462516e-16 1.23259516440784e-32               0 
-1.11022302462516e-16               1 1.11022302462516e-16               0 
1
-2.22044604925031e-16 -4.93038065763131e-32               1               0 
              1               0 2.22044604925031e-16               0 
-1.09476442525376e-47               1 4.93038065763131e-32               0 
2  13 1 42 1 43 -1 0
2  42 1 43 -1 0
2  39 -1 43 1 42 -1 0
2  39 -1 43 1 42 -1 13 -1 0
1
              1               0               0               0 
              0               1               0               0 
              0               0               1               0 
1
1.11022302462516e-16               1 -1.99840144432528e-15 -1.62087972152312e-14 
-8.32667268468867e-16 -1.99840144432528e-15              -1 -8.15000000000001 
             -1 1.11022302462518e-16 8.32667268468867e-16 7.49431373761085e-15 
1
-2.22044604925031e-16 -4.93038065763131e-32               1               0 
              1               0 2.22044604925031e-16               0 
-1.09476442525376e-47               1 4.93038065763131e-32               0 
1
              1               0               0               0 
              0               1               0               0 
              0               0               1               0 
1
              1               0               0               0 
              0               1               0               0 
              0               0               1               0 
1
              0 -1.11022302462516e-16               1               0 
              1 1.11022302462516e-16 1.23259516440784e-32               0 
-1.11022302462516e-16               1 1.11022302462516e-16               0 
2  48 1 49 1 50 -1 51 1 52 1 53 1 10 -1 13 1 42 1 43 -1 0
2  39 -1 43 1 42 -1 13 -1 10 1 53 -1 52 -1 51 -1 50 1 49 -1 48 -1 0
1
              1               0               0               0 
              0               1               0               0 
              0               0               1               0 
2  13 1 56 1 0
2  4 -1 13 -1 0
2  39 -1 56 -1 13 -1 0
2  4 -1 0
2  42 1 43 -1 56 -1 0
2  39 -1 56 -1 0
2  10 -1 11 1 12 1 13 1 42 1 43 -1 0
2  8 1 9 1 10 -1 11 1 12 1 13 1 42 1 43 -1 0
2  39 -1 43 1 42 -1 13 -1 12 -1 11 -1 10 1 9 -1 8 -1 0
2  12 -1 11 -1 10 1 9 -1 8 -1 0
2  51 1 52 1 53 1 10 -1 13 1 56 1 0
1
              1               0               0             0.2 
              0               1               0 -2.1094237467878e-16 
              0               0               1 3.88578058618805e-16 
2  48 1 49 1 50 -1 68 1 51 1 52 1 53 1 10 -1 13 1 56 1 0
2  39 -1 56 -1 13 -1 10 1 53 -1 52 -1 51 -1 68 -1 50 1 49 -1 48 -1 0
2  4 -1 56 1 0
2  8 1 9 1 10 -1 11 1 12 1 13 1 56 1 0
2  39 -1 56 -1 13 -1 12 -1 11 -1 10 1 9 -1 8 -1 0
2  13 1 42 1 43 -1 56 -1 13 -1 12 -1 11 -1 10 1 9 -1 8 -1 0
2  50 -1 68 1 51 1 52 1 53 1 10 -1 13 1 56 1 0
2  8 1 9 1 10 -1 11 1 13 1 56 1 0
2  39 -1 56 -1 13 -1 11 -1 10 1 9 -1 8 -1 0
2  13 1 42 1 43 -1 56 -1 13 -1 11 -1 10 1 9 -1 8 -1 0
2  10 -1 11 1 13 1 42 1 43 -1 0
2  8 1 9 1 10 -1 11 1 13 1 42 1 43 -1 0
2  39 -1 43 1 42 -1 13 -1 11 -1 10 1 9 -1 8 -1 0
2  11 -1 10 1 9 -1 8 -1 0
Curve2ds 36
1 0 0 0 1 
7 0 0  5 6 2  -1.7763568394002505e-15 0.20142112675536161  0.30062785749713328 0.20101526119718022  0.6012556798758244 0.19836360961546848  0.90188358476606756 0.1935082264305665  1.2025114299885478 0.18750056841315202  1.5031392874856833 0.18149712268639284 
 0.067657039309184874 6 1.5707963267948664 6
1 1.5031392874856822 0 0 1 
7 0 0  5 6 2  -5.3290705182007514e-15 0.0012616748778686571  0.30062785749712961 0.00085580931968781899  0.60125567987582385 -0.0017958422620439  0.90188358476607067 -0.0066512254469149054  1.2025114299885449 -0.012658883464342853  1.5031392874856815 -0.01866232919110189 
 0.06765703930918357 6 1.5707963267948666 6
1 0 0 0 1 
7 0 0  5 6 2  -1.7763568394002505e-15 0.20142112675536161  0.30062785749713444 0.20101526119718041  0.60125567987581052 0.19836360961547439  0.90188358476608099 0.19350822643056459  1.2025114299885469 0.18750056841315324  1.5031392874856853 0.18149712268639465 
 0.067657039309183029 6 1.5707963267948688 6
1 1.5031392874856859 0 0 1 
7 0 0  5 6 2  1.7763568394002505e-15 0.0012616748778686588  0.30062785749713722 0.00085580931968784815  0.60125567987582562 -0.0017958422620289499  0.9018835847660609 -0.0066512254469271951  1.2025114299885609 -0.012658883464339868  1.5031392874856868 -0.018662329191098337 
 0.067657039309184874 6 1.5707963267948699 6
1 0 0 0 1 
1 1.4198588279995041 0 0 1 
1 -1.5707963267949054 1.7763568394002505e-15 1 0 
1 -1.5707963267949054 2.7000000000000015 1 0 
1 0 0 0 1 
1 -4.7123889803846986 -2.6645352591003757e-15 1 0 
1 1.4198588279995064 0 0 1 
1 -4.7123889803846986 2.6999999999999971 1 0 
7 0 0  5 6 2  -2.6645352591003757e-14 2.6503664537842297  0.28397176559987347 2.6503664537842297  0.56794353119979224 2.6487829193417092  0.85191529679971989 2.6455950152842718  1.1358870623996227 2.6414119026502596  1.4198588279995228 2.6369929094524647 
 7.9306657865183457e-15 6 1.4198588279995088 6
1 0 -2.7000000000000002 1 0 
1 0 -2.7000000000000002 1 0 
1 0 -2.7000000000000002 1 0 
7 0 0  5 6 2  1.5707963267948946 -2.5521321192062021  1.6009838265539713 -2.5560415783987964  1.6311713263130549 -2.5599510375945123  1.6613588260721208 -2.5638530746239958  1.6915463258312022 -2.5677402673942926  1.721733825590279 -2.571605278167969 
 1.5707963267948926 6 1.7217338255902763 6
7 0 0  5 6 2  4.7123889803847003 -2.1595458196286996  4.818840051518066 -2.1552254350900557  4.92529112265143 -2.150905044008951  5.031742193784801 -2.1466866822624056  5.138193264918157 -2.142672225012022  5.2446443360515227 -2.1389495020799387 
 4.7123889803846915 6 5.2446443360515183 6
7 0 0  5 6 2  4.7123889803846968 -2.1595458196287005  4.8188400515180625 -2.1535498588917554  4.92529112265143 -2.1475538890749846  5.031742193784801 -2.141699518664133  5.138193264918157 -2.1361281330992319  5.2446443360515227 -2.13096162527206 
 4.7123889803846906 6 5.2446443360515183 6
1 1.721733825590279 0 0 -1 
1 1.5707963267948966 0 0 -1 
1 4.7123889803846906 0 0 -1 
1 5.2446443360515156 0 0 -1 
1 5.2446443360515156 0 0 -1 
1 4.7123889803846897 0 0 -1 
7 0 0  5 6 2  -3.5527136788005009e-14 0.049633546215751778  0.28397176559986459 0.049633546215751806  0.56794353119980379 0.051217080658274128  0.85191529679968347 0.054404984715710647  1.1358870623996218 0.058588097349721917  1.4198588279995219 0.063007090547516409 
 3.1415926535898007 6 4.5614514815893017 6
7 0 0  5 6 2  1.5707963267948946 -0.14786788079377367  1.6009838265539713 -0.14395842160117958  1.6311713263130478 -0.14004896240547104  1.6613588260721244 -0.13614692537598638  1.6915463258312022 -0.1322597326056841  1.721733825590279 -0.12839472183200806 
 4.7123889803846915 6 4.863326479180075 6
7 0 0  5 6 2  4.7123889803847003 -0.54045418037124771  4.818840051518066 -0.54477456490989151  4.92529112265143 -0.54909495599099856  5.031742193784801 -0.55331331773754666  5.1381932649181552 -0.55732777498792352  5.2446443360515209 -0.56105049792000683 
 1.5707963267949006 6 2.1030516824617278 6
7 0 0  5 6 2  4.7123889803846968 -0.54045418037124815  4.8188400515180625 -0.5464501411081929  4.9252911226514371 -0.55244611092496498  5.0317421937847939 -0.55830048133581922  5.1381932649181543 -0.56387186690071334  5.24464433605152 -0.5690383747278851 
 1.5707963267949006 6 2.1030516824617282 6
1 0 0 1 0 
1 0 0 1 0 
1 0 0 1 0 
Curves 126
1 7.0331032696466362 4.3760106958259382 16.468517724653324 -0.50631510405095792 0.067659087149658417 0.85969021358623288 
1 6.2768972869021944 4.0009612215260919 11.703062318004914 0.86097829657727354 0.03990756735668767 0.50707372135673523 
1 6.6962931758670177 4.3900019654574063 16.646293661109794 0.50631510405095792 -0.067659087149658417 -0.85969021358623288 
1 8.5121692155399433 4.1471502240288025 13.560569713981458 0.86097829657727343 0.0399075673566874 0.50707372135673534 
8 0.067657039309184874 1.5707963267948664
3 8.6684342990641472 3.6559346658108898 13.69183168326151 -0.86166471960661639 -2.8764605292133393e-16 -0.50747799064122112 1.4844658499116429e-14 1 -2.5772082331477788e-14 0.50747799064122112 -2.9740231562718172e-14 -0.86166471960661639 0.50039862969372884 0.5
1 8.9221732943847627 2.0287110000000159 13.260999323458206 -7.779151706630521e-16 1 -2.2204460492503106e-16 
1 8.7659082108605517 3.648691557162238 13.168966902042074 0.86097829657727343 0.0399075673566874 0.50707372135673534 
1 8.7498403504634368 2.0287110000000155 13.159503725329962 -7.779151706630521e-16 1 -2.2204460492503106e-16 
8 0.06765703930918357 1.5707963267948666
3 8.4961013551428213 3.6479467890030111 13.590336085133265 -0.86166471960661639 -2.8764605292133393e-16 -0.50747799064122112 1.4844658499116429e-14 1 -2.5772082331477788e-14 0.50747799064122112 -2.9740231562718172e-14 -0.86166471960661639 0.50039862969372884 0.5
1 6.9868565656839055 2.3752313388742592 16.547041629015023 -0.50631510405095792 -0.067659087149655975 0.8596902135862331 
1 6.3232826785426521 2.7543107496652408 11.730381024236213 0.86097829657727365 -0.039907567356684423 0.50707372135673534 
1 6.6500464719042878 2.3612400692427902 16.724817565471493 0.50631510405095792 0.067659087149655975 -0.8596902135862331 
1 8.5121692155399398 2.6102717759711802 13.56056971398146 0.86097829657727354 -0.039907567356684694 0.50707372135673556 
8 0.067657039309183029 1.5707963267948688
3 8.6684342990641472 3.1014873341890925 13.691831683261512 0.86166471960661639 2.8764605292133551e-16 0.50747799064122112 1.4097175428335401e-14 -1 -2.3369274881844032e-14 0.50747799064122112 2.7290485948562527e-14 -0.86166471960661639 0.50039862969372872 0.5
1 8.9221732943847627 2.0287110000000159 13.260999323458206 -7.779151706630521e-16 1 -2.2204460492503106e-16 
1 8.7659082108605499 3.1087304428377447 13.168966902042074 0.86097829657727354 -0.039907567356684694 0.50707372135673556 
1 8.7498403504634368 2.0287110000000155 13.159503725329962 -7.779151706630521e-16 1 -2.2204460492503106e-16 
8 0.067657039309184874 1.5707963267948699
3 8.4961013551428213 3.1094752109969708 13.590336085133266 0.86166471960661639 2.8764605292133551e-16 0.50747799064122112 1.4097175428335401e-14 -1 -2.3369274881844032e-14 0.50747799064122112 2.7290485948562527e-14 -0.86166471960661639 0.50039862969372872 0.5
1 -8.3500000000000689 2.0287109999999919 20.319346000000209 -7.779151706630521e-16 1 -2.2204460492503106e-16 
1 -8.3500000000000689 2.0287109999999919 20.319346000000209 1 9.9995977558808399e-16 -6.8841381715337746e-16 
1 -8.1781188123071242 2.028710999999999 20.319346000000202 -3.3382596081298953e-16 1 1.9721522630525286e-31 
1 -8.1500000000000679 4.7287109999999952 20.319346000000209 1 9.9995977558806822e-16 1.7075154576849034e-14 
1 1.000755622641986 8.5022091931042851 -1.6337097232910878e-14 -0.98863054536999428 -0.15036503836140783 -3.5784225655816378e-16 
1 1.000755622641986 8.5022091931042887 -1.6337097232910878e-14 -0.98863054536999428 -0.15036503836140783 -3.5784225655816378e-16 
1 -8.3758449213811215 2.0287109999999995 20.149419007672485 -3.3382596081298953e-16 1 1.9721522630525286e-31 
8 1.5707963267949054 2.9906551547944047
2 -8.1781188123071225 2.0287110000000008 20.119346000000203 3.3382596081298953e-16 -1 -4.4408920985006271e-16 1 3.3382596081298933e-16 4.4408920985006252e-16 -4.4408920985006237e-16 -4.4408920985006291e-16 1 0.20000000000000001
8 1.5707963267949054 2.9906551547944047
2 -8.1781188123071242 4.7287110000000014 20.119346000000203 3.3382596081298953e-16 -1 -4.4408920985006271e-16 1 3.3382596081298933e-16 4.4408920985006252e-16 -4.4408920985006237e-16 -4.4408920985006291e-16 1 0.20000000000000001
1 8.17811881230711 2.0287110000000088 20.319346000000188 -3.3382596081298953e-16 1 1.9721522630525286e-31 
1 8.1500000000000608 2.0287110000000084 20.319346000000195 -1 -9.9995977558809977e-16 1.8451982211155786e-14 
1 8.3500000000000618 2.0287110000000088 20.319346000000195 -7.779151706630521e-16 1 -2.2204460492503106e-16 
1 8.3500000000000618 4.7287110000000112 20.319346000000195 -1 -9.9995977558808399e-16 6.8841381715337746e-16 
8 4.7123889803846986 6.1322478083842
2 8.1781188123071082 2.0287110000000061 20.119346000000188 -3.3382596081298953e-16 1 4.4408920985006271e-16 1 3.3382596081298933e-16 4.4408920985006252e-16 4.4408920985006237e-16 4.4408920985006291e-16 -1 0.20000000000000001
1 8.3758449213811073 2.0287110000000084 20.149419007672471 -3.3382596081298953e-16 1 1.9721522630525286e-31 
8 4.7123889803846986 6.1322478083842
2 8.1781188123071065 4.7287110000000068 20.119346000000188 -3.3382596081298953e-16 1 4.4408920985006271e-16 1 3.3382596081298933e-16 4.4408920985006252e-16 4.4408920985006237e-16 4.4408920985006291e-16 -1 0.20000000000000001
1 1.0007556226420171 -8.5022091931042993 1.7670371554047156e-14 -0.98863054536999495 0.15036503836140425 -9.5927821662282454e-16 
1 1.0007556226420171 -8.5022091931042958 1.7670371554047156e-14 -0.98863054536999495 0.15036503836140425 -9.5927821662282454e-16 
1 8.1781188123071153 2.0287110000000088 20.319346000000191 -7.779151706630521e-16 1 -2.2204460492503106e-16 
1 8.3500000000000618 4.7287110000000112 20.319346000000195 -1 -9.9995977558808399e-16 6.8841381715337746e-16 
1 -4.7787110000000004 20.319346000000181 -16.300000000000118 1 8.881784197001207e-16 -2.109423746787799e-15 
1 4.0750000000000357 4.6790774537842461 20.319346000000223 -1 2.8413726333284825e-16 8.4376949871510603e-15 
8 4.7123889803846986 6.1322478083842
2 8.1781188123071118 4.7287110000000085 20.119346000000192 -7.77915170663052e-16 1 6.6613381477509412e-16 1 7.779151706630519e-16 2.2204460492503096e-16 2.2204460492503045e-16 6.6613381477509432e-16 -1 0.20000000000000001
1 8.3758449213811126 2.0287110000000088 20.149419007672474 -7.779151706630521e-16 1 -2.2204460492503106e-16 
3 8.1781188123071082 4.6633371124193213 20.119346000000188 -3.7875255574324835e-16 0.99691733373312785 -0.078459095727846928 5.5773045556075853e-16 0.078459095727846928 0.99691733373312785 1 3.3382596081298977e-16 -5.8572774172762034e-16 0.20061843969656515 0.20000000000000001
1 1.0007556226420171 -8.5022091931042958 1.7670371554047156e-14 -0.98863054536999495 0.15036503836140425 -9.5927821662282454e-16 
2 1.2481855672702917 -6.8753895296744263 1.4581684555820753e-14 6.661338147750956e-16 -1.9999195511761656e-15 -1 1 1.8209168441568179e-15 6.6613381477509195e-16 1.8209168441568167e-15 -1 1.9999195511761668e-15 1.6455284241910924
1 6.236467466319084 -8.5209179538655118 2.1195472273963543e-14 -1 -1.8209168441568179e-15 -6.6613381477509195e-16 
1 8.3500000000000618 4.7287110000000112 20.319346000000195 -1 -9.9995977558808399e-16 6.8841381715337746e-16 
2 6.2364674663190858 -9.0366073678145646 2.2226809615254832e-14 6.661338147750956e-16 -1.9999195511761656e-15 -1 1 1.8209168441568179e-15 6.6613381477509195e-16 1.8209168441568167e-15 -1 1.9999195511761668e-15 0.51568941394905188
1 1.2699932071646567e-14 -7.9500000000000712 1.5899360431850655e-14 1 1.8209168441568179e-15 6.6613381477509195e-16 
1 7.058346676542012 -8.922173294384768 2.2545432208071995e-14 -0.86166471960661695 0.50747799064122012 -1.5888991620036402e-15 
1 0.20000000000001406 -7.9500000000000712 1.6032587194805673e-14 1.8209168441568179e-15 -1 1.9999195511761668e-15 
1 7.1598422746702566 -8.7498403504634439 2.2268389834176038e-14 -0.50747799064121912 -0.86166471960661761 1.3852118694797681e-15 
1 0.20000000000001442 -8.1500000000000714 1.643257110504091e-14 0.98463175454777718 -0.17464337358218326 1.0051692041159777e-15 
1 6.5996640920331435 -8.4199230496187276 2.1235428144191586e-14 0.86166471960661695 -0.50747799064122012 1.5888991620036402e-15 
1 1.1636280000000168 -8.3209179538655196 1.7416298458287544e-14 1 1.8209168441568179e-15 6.6613381477509195e-16 
2 6.2364674663190858 -9.0366073678145646 2.2226809615254832e-14 6.661338147750956e-16 -1.9999195511761656e-15 -1 1 1.8209168441568179e-15 6.6613381477509195e-16 1.8209168441568167e-15 -1 1.9999195511761668e-15 0.71568941394905217
1 4.0750000000000242 4.6790774537842434 20.319346000000198 -1 -2.444902409807958e-16 1.7208456881689926e-15 
1 -4.7787110000000004 20.319346000000181 -15.900000000000109 1 6.6613381477509057e-16 -1.665334536937736e-15 
1 8.6066987188690955 4.5462478101537878 18.63158535299851 -0.14991194594943524 0.077572457097344616 0.98565152176696513 
3 6.8753895296744085 4.5808431192062171 19.071160432729915 3.7875255574324835e-16 -0.99691733373312785 0.078459095727846928 2.272337911467606e-15 -0.078459095727846928 -0.99691733373312785 1 5.558705657380197e-16 2.2356164690127639e-15 1.6506167246878225 1.6455284241910924
1 8.5209179538655029 4.2896705068423948 15.371461606468429 6.6009998408572236e-16 0.078459095727846928 0.99691733373312785 
3 9.0366073678145522 4.1882568196287187 14.08287853368113 3.7875255574324835e-16 -0.99691733373312785 0.078459095727846928 2.272337911467606e-15 -0.078459095727846928 -0.99691733373312785 1 5.558705657380197e-16 2.2356164690127639e-15 0.51728402797247441 0.51568941394905188
1 7.9500000000000455 4.3837165473883992 16.566429852272538 -1.5543235552310608e-15 -0.078459095727846928 -0.99691733373312785 
1 7.0331032696466318 4.3760106958259373 16.468517724653321 -0.50631510405095803 0.067659087149658834 0.85969021358623277 
1 3.975000000000021 4.6633371124193195 20.119346000000196 1 3.4321968080865953e-16 -4.6636921222834585e-16 
1 6.2768972869021908 4.0009612215260901 11.70306231800491 0.86097829657727343 0.0399075673566874 0.50707372135673534 
1 8.3271342726870294 4.5847396589512437 19.120670664492859 0.17412135316439031 -0.077260570444892665 -0.98168862610643071 
1 6.6962931758670123 4.3900019654574054 16.646293661109791 0.50631510405095803 -0.067659087149658834 -0.85969021358623277 
1 8.3209179538655036 4.4880622388795475 17.892267571696745 -6.6009998408572236e-16 -0.078459095727846928 -0.99691733373312785 
3 9.0366073678145522 4.1882568196287187 14.08287853368113 3.7875255574324835e-16 -0.99691733373312785 0.078459095727846928 2.272337911467606e-15 -0.078459095727846928 -0.99691733373312785 1 5.558705657380197e-16 2.2356164690127639e-15 0.71790246766903976 0.71568941394905217
1 8.5022091931042869 2.0287110000000097 19.318590377358198 -7.779151706630521e-16 1 -2.2204460492503106e-16 
1 8.5209179538655118 2.0287110000000101 19.071160432729918 -7.779151706630521e-16 1 -2.2204460492503106e-16 
1 8.5209179538655064 2.0287110000000146 14.082878533681132 -7.779151706630521e-16 1 -2.2204460492503106e-16 
1 8.5922559935400482 2.0287110000000146 13.821177506095317 -7.779151706630521e-16 1 -2.2204460492503106e-16 
1 7.9500000000000615 2.0287110000000084 20.119346000000199 -7.779151706630521e-16 1 -2.2204460492503106e-16 
1 8.9221732943847627 2.0287110000000159 13.260999323458206 -7.779151706630521e-16 1 -2.2204460492503106e-16 
1 8.1500000000000608 2.0287110000000088 20.119346000000199 -7.779151706630521e-16 1 -2.2204460492503106e-16 
1 8.7498403504634368 2.0287110000000155 13.159503725329962 -7.779151706630521e-16 1 -2.2204460492503106e-16 
1 8.3209179538655107 2.0287110000000097 19.155718000000199 -7.779151706630521e-16 1 -2.2204460492503106e-16 
1 8.4199230496187241 2.0287110000000146 13.719681907967072 -7.779151706630521e-16 1 -2.2204460492503106e-16 
1 8.3209179538655054 2.0287110000000141 14.082878533681132 -7.779151706630521e-16 1 -2.2204460492503106e-16 
1 8.1781188123071153 2.0287110000000088 20.319346000000191 -7.779151706630521e-16 1 -2.2204460492503106e-16 
1 4.0750000000000357 2.0783445462157619 20.319346000000223 -1 -9.4782135425119512e-16 8.4376949871510603e-15 
1 -4.7787110000000004 20.319346000000181 -16.300000000000118 1 8.881784197001207e-16 -2.109423746787799e-15 
1 8.1500000000000608 2.0287110000000084 20.319346000000195 -1 -9.9995977558809977e-16 1.8451982211155786e-14 
3 8.1781188123071082 2.094084887580689 20.119346000000188 -2.8288561861620021e-16 0.99691733373312819 0.078459095727842737 -6.6037447500550891e-16 0.078459095727842737 -0.99691733373312819 -1 -3.3382596081298987e-16 6.3614381105686764e-16 0.20061843969656507 0.20000000000000001
1 8.3758449213811126 2.0287110000000088 20.149419007672474 -7.779151706630521e-16 1 -2.2204460492503106e-16 
8 4.7123889803846986 6.1322478083842
2 8.1781188123071136 2.0287110000000061 20.119346000000192 -7.77915170663052e-16 1 6.6613381477509412e-16 1 7.779151706630519e-16 2.2204460492503096e-16 2.2204460492503045e-16 6.6613381477509432e-16 -1 0.20000000000000001
1 4.0750000000000259 2.0783445462157633 20.319346000000202 -1 -4.1919384993757902e-16 1.7208456881689926e-15 
1 8.5909995175751135 2.2030505836110552 18.734805557018536 -0.14991194594943524 -0.077572457097340605 0.98565152176696558 
1 7.9500000000000473 2.3580080868703961 16.765883795198835 -1.6468842690918113e-15 0.078459095727842737 -0.99691733373312819 
3 6.8753895296744112 2.1765788807937874 19.071160432729915 2.8288561861620026e-16 -0.99691733373312819 -0.078459095727842737 3.4904428420340714e-15 -0.078459095727842737 0.99691733373312819 -1 -5.5587056573802345e-16 3.4574880217974492e-15 1.6506167246878218 1.6455284241910924
1 3.9750000000000218 2.0940848875806868 20.119346000000196 1 3.2046441010972082e-16 -4.6636921222834585e-16 
1 8.5209179538655011 2.4594411230593143 15.477054870370587 7.1248335011745506e-16 -0.078459095727842737 0.99691733373312819 
1 8.3089731073396713 2.1646239267923773 19.223062525883392 0.17412135316439031 0.077260570444888668 -0.98168862610643104 
3 9.0366073678145522 2.5691651803712663 14.082878533681129 2.8288561861620026e-16 -0.99691733373312819 -0.078459095727842737 3.4904428420340714e-15 -0.078459095727842737 0.99691733373312819 -1 -5.5587056573802345e-16 3.4574880217974492e-15 0.51728402797247419 0.51568941394905188
1 8.3209179538655036 2.2610493910221718 17.997860835598903 -7.1248335011745506e-16 0.078459095727842737 -0.99691733373312819 
1 6.9868565656838992 2.3752313388742587 16.54704162901502 -0.50631510405095803 -0.067659087149655558 0.85969021358623299 
3 9.0366073678145522 2.5691651803712663 14.082878533681129 2.8288561861620026e-16 -0.99691733373312819 -0.078459095727842737 3.4904428420340714e-15 -0.078459095727842737 0.99691733373312819 -1 -5.5587056573802345e-16 3.4574880217974492e-15 0.71790246766903953 0.71568941394905217
1 6.3232826785426477 2.7543107496652395 11.730381024236209 0.86097829657727354 -0.039907567356684694 0.50707372135673556 
1 6.6500464719042816 2.3612400692427897 16.72481756547149 0.50631510405095803 0.067659087149655558 -0.85969021358623299 
1 8.1500000000000608 2.0287110000000084 20.319346000000195 -1 -9.9995977558809977e-16 1.8451982211155786e-14 
1 -4.7787110000000004 20.319346000000181 -15.900000000000109 1 6.6613381477509057e-16 -1.665334536937736e-15 
1 1.0007556226420171 -8.5022091931042993 1.7670371554047156e-14 -0.98863054536999495 0.15036503836140425 -9.5927821662282454e-16 
1 1.2699932071646567e-14 -7.9500000000000748 1.5899360431850655e-14 1 1.8209168441568179e-15 6.6613381477509195e-16 
2 1.2481855672702917 -6.8753895296744298 1.4581684555820753e-14 6.661338147750956e-16 -1.9999195511761656e-15 -1 1 1.8209168441568179e-15 6.6613381477509195e-16 1.8209168441568167e-15 -1 1.9999195511761668e-15 1.6455284241910924
1 0.20000000000001406 -7.9500000000000748 1.6032587194805673e-14 1.8209168441568179e-15 -1 1.9999195511761668e-15 
1 6.236467466319084 -8.5209179538655153 2.1195472273963543e-14 -1 -1.8209168441568179e-15 -6.6613381477509195e-16 
1 0.20000000000001442 -8.150000000000075 1.643257110504091e-14 0.98463175454777718 -0.17464337358218326 1.0051692041159777e-15 
2 6.2364674663190858 -9.0366073678145682 2.2226809615254832e-14 6.661338147750956e-16 -1.9999195511761656e-15 -1 1 1.8209168441568179e-15 6.6613381477509195e-16 1.8209168441568167e-15 -1 1.9999195511761668e-15 0.51568941394905188
1 1.1636280000000168 -8.3209179538655231 1.7416298458287544e-14 1 1.8209168441568179e-15 6.6613381477509195e-16 
1 7.058346676542012 -8.9221732943847716 2.2545432208071995e-14 -0.86166471960661695 0.50747799064122012 -1.5888991620036402e-15 
2 6.2364674663190858 -9.0366073678145682 2.2226809615254832e-14 6.661338147750956e-16 -1.9999195511761656e-15 -1 1 1.8209168441568179e-15 6.6613381477509195e-16 1.8209168441568167e-15 -1 1.9999195511761668e-15 0.71568941394905217
1 7.1598422746702566 -8.7498403504634474 2.2268389834176038e-14 -0.50747799064121912 -0.86166471960661761 1.3852118694797681e-15 
1 6.5996640920331435 -8.4199230496187312 2.1235428144191586e-14 0.86166471960661695 -0.50747799064122012 1.5888991620036402e-15 
1 8.5022091931042869 2.0287110000000097 19.318590377358198 -7.779151706630521e-16 1 -2.2204460492503106e-16 
1 7.9500000000000615 2.0287110000000084 20.119346000000199 -7.779151706630521e-16 1 -2.2204460492503106e-16 
1 8.5209179538655118 2.0287110000000101 19.071160432729918 -7.779151706630521e-16 1 -2.2204460492503106e-16 
1 8.1500000000000608 2.0287110000000088 20.119346000000199 -7.779151706630521e-16 1 -2.2204460492503106e-16 
1 8.5209179538655064 2.0287110000000146 14.082878533681132 -7.779151706630521e-16 1 -2.2204460492503106e-16 
1 8.3209179538655107 2.0287110000000097 19.155718000000199 -7.779151706630521e-16 1 -2.2204460492503106e-16 
1 8.5922559935400482 2.0287110000000146 13.821177506095317 -7.779151706630521e-16 1 -2.2204460492503106e-16 
1 8.3209179538655054 2.0287110000000141 14.082878533681132 -7.779151706630521e-16 1 -2.2204460492503106e-16 
1 8.9221732943847627 2.0287110000000159 13.260999323458206 -7.779151706630521e-16 1 -2.2204460492503106e-16 
1 8.4199230496187241 2.0287110000000146 13.719681907967072 -7.779151706630521e-16 1 -2.2204460492503106e-16 
1 8.7498403504634368 2.0287110000000155 13.159503725329962 -7.779151706630521e-16 1 -2.2204460492503106e-16 
Polygon3D 0
PolygonOnTriangulations 0
Surfaces 54
1 -1.1067014427576626e-14 4.4043779903562958 16.828958376767488 -8.3889420568028913e-16 0.99691733373312785 -0.078459095727847594 -1 -8.5870756170010771e-16 -2.1879231498923415e-16 2.8549127008602129e-16 -0.078459095727847594 -0.99691733373312785 
2 8.5121692155399415 3.6486915571622376 13.599799261845382 0.86097829657727343 0.0399075673566874 0.50707372135673534 -3.4694469519536142e-16 0.99691733373312785 -0.078459095727846997 0.50864169394859549 -0.067551578590754766 -0.85832418782590569 0.5
1 8.9221732943847627 2.0287110000000159 13.260999323458206 -0.86166471960661639 -3.3225380758687585e-16 -0.5074779906412209 -0.5074779906412209 -1.2727695866090428e-15 0.86166471960661639 9.3219393631419055e-16 -1 -9.2808915431222729e-16 
1 8.7498403504634368 2.0287110000000155 13.159503725329962 -0.50747799064122001 -9.687588344260751e-16 0.86166471960661706 0.86166471960661706 4.1089905988968747e-16 0.50747799064122001 8.4568100993694485e-16 -1 -6.2622308016299216e-16 
1 8.4199230496187241 2.0287110000000146 13.719681907967072 0.86166471960661639 3.3225380758687585e-16 0.5074779906412209 0.5074779906412209 1.2727695866090428e-15 -0.86166471960661639 9.3219393631419055e-16 -1 -9.2808915431222729e-16 
1 -9.469963705408506e-15 2.35304400964369 16.828958376767492 -7.0818443072591197e-16 0.99691733373312819 0.078459095727842071 -1 -6.9315494891840142e-16 -2.1879231498923467e-16 1.6373354080895021e-16 0.078459095727842071 -0.99691733373312819 
2 8.5121692155399398 3.1087304428377442 13.599799261845382 0.86097829657727354 -0.039907567356684694 0.50707372135673556 2.4286128663675289e-16 -0.99691733373312807 -0.078459095727842654 0.50864169394859537 0.067551578590751338 -0.85832418782590592 0.5
1 8.9221732943847627 2.0287110000000159 13.260999323458206 -0.86166471960661639 -3.3225380758687585e-16 -0.5074779906412209 -0.5074779906412209 -1.2727695866090428e-15 0.86166471960661639 9.3219393631419055e-16 -1 -9.2808915431222729e-16 
1 8.7498403504634368 2.0287110000000155 13.159503725329962 -0.50747799064122001 -9.687588344260751e-16 0.86166471960661706 0.86166471960661706 4.1089905988968747e-16 0.50747799064122001 8.4568100993694485e-16 -1 -6.2622308016299216e-16 
1 8.4199230496187241 2.0287110000000146 13.719681907967072 0.86166471960661639 3.3225380758687585e-16 0.5074779906412209 0.5074779906412209 1.2727695866090428e-15 -0.86166471960661639 9.3219393631419055e-16 -1 -9.2808915431222729e-16 
1 -8.1500000000000696 3.3787109999999934 20.319346000000213 -9.1038288019262111e-15 -4.440892098500705e-16 1 -1 2.2204460492503535e-16 -9.1038288019262111e-15 2.2204460492503131e-16 1 4.4408920985007258e-16 
2 -8.1781188123071225 2.028710999999999 20.119346000000203 -3.3382596081298953e-16 1 1.9721522630525286e-31 -9.3258734068512408e-15 -3.3104338767676764e-30 1 -1 -3.3382596081298953e-16 -9.3258734068512408e-15 0.20000000000000001
1 -8.502209193104294 2.0287109999999928 19.318590377358209 -0.98863054536999451 -8.6923393603669271e-16 0.15036503836140694 0.15036503836140694 -7.2772132543782892e-16 0.98863054536999451 7.499273752221892e-16 -1 -8.501499249821699e-16 
1 16.816215298112471 -9.2287176060191991e-15 3.3787110000000005 -2.1170849118711215e-16 -9.9797586023428326e-16 1 5.6617785367869272e-31 -1 -9.9797586023428326e-16 -1 -3.5489789006733231e-31 -2.1170849118711215e-16 
1 16.816215298112471 -1.2829939094302099e-14 3.3787110000000005 -2.1170849118711215e-16 -9.9797586023428326e-16 1 5.6617785367869272e-31 -1 -9.9797586023428326e-16 -1 -3.5489789006733231e-31 -2.1170849118711215e-16 
1 8.1500000000000572 3.3787110000000102 20.319346000000195 8.6597395920760916e-15 -4.4408920985005488e-16 1 -1 2.2204460492502746e-16 8.6597395920760916e-15 2.2204460492503131e-16 1 4.4408920985005295e-16 
2 8.1781188123071082 2.0287110000000088 20.119346000000188 -3.3382596081298953e-16 1 1.9721522630525286e-31 8.4376949871510603e-15 2.619506409827395e-30 1 1 3.3382596081298953e-16 -8.4376949871510603e-15 0.20000000000000001
1 16.816215298112471 -9.2287176060191991e-15 3.3787110000000005 -2.1170849118711215e-16 -9.9797586023428326e-16 1 5.6617785367869272e-31 -1 -9.9797586023428326e-16 -1 -3.5489789006733231e-31 -2.1170849118711215e-16 
1 8.5022091931042869 2.0287110000000097 19.318590377358198 -0.98863054536999484 -6.6890746281171949e-16 -0.15036503836140516 -0.15036503836140516 -1.0284393054701598e-15 0.98863054536999484 8.1594366538100703e-16 -1 -9.1616621514098832e-16 
1 16.816215298112471 -1.2829939094302099e-14 3.3787110000000005 -2.1170849118711215e-16 -9.9797586023428326e-16 1 5.6617785367869272e-31 -1 -9.9797586023428326e-16 -1 -3.5489789006733231e-31 -2.1170849118711215e-16 
1 8.1500000000000572 3.3787110000000102 20.319346000000195 8.6597395920760916e-15 -4.4408920985005488e-16 1 -1 2.2204460492502746e-16 8.6597395920760916e-15 2.2204460492503131e-16 1 4.4408920985005295e-16 
2 8.1781188123071136 2.0287110000000088 20.119346000000192 -7.779151706630521e-16 1 -2.2204460492503106e-16 8.6597395920760916e-15 2.2204460492503782e-16 1 1 7.7791517066305022e-16 -8.6597395920760916e-15 0.20000000000000001
1 8.5022091931042869 2.0287110000000097 19.318590377358198 -0.98863054536999484 -6.6890746281171949e-16 -0.15036503836140516 -0.15036503836140516 -1.0284393054701598e-15 0.98863054536999484 8.1594366538100703e-16 -1 -9.1616621514098832e-16 
1 16.816215298112471 -1.2829939094302099e-14 3.3787110000000005 -2.1170849118711215e-16 -9.9797586023428326e-16 1 5.6617785367869272e-31 -1 -9.9797586023428326e-16 -1 -3.5489789006733231e-31 -2.1170849118711215e-16 
2 6.8753895296744183 2.0287110000000084 19.071160432729922 9.999597755880836e-16 -1 -3.9443045261050555e-31 -9.1045842207840739e-16 -5.1599134681329936e-31 -1 1 9.999597755880836e-16 -9.1045842207840739e-16 1.6455284241910924
2 9.0366073678145593 2.0287110000000146 14.082878533681132 9.999597755880836e-16 -1 -3.9443045261050555e-31 -9.1045842207840739e-16 -5.1599134681329936e-31 -1 1 9.999597755880836e-16 -9.1045842207840739e-16 0.51568941394905188
2 9.0366073678145593 2.0287110000000146 14.082878533681132 9.999597755880836e-16 -1 -3.9443045261050555e-31 -9.1045842207840739e-16 -5.1599134681329936e-31 -1 1 9.999597755880836e-16 -9.1045842207840739e-16 0.71568941394905217
1 8.1500000000000536 4.7787110000000057 20.319346000000195 -1.7208456881689918e-15 1.1102230246251452e-16 -1 6.1062266354383452e-16 -1 -1.1102230246251557e-16 1 6.1062266354383472e-16 -1.7208456881689918e-15 
1 -1.2847857100027417e-14 4.4043779903562976 16.828958376767485 -3.7875255574324845e-16 0.99691733373312785 -0.078459095727847372 -1 -4.1461835185004544e-16 -4.408369199142656e-16 4.7200854777037913e-16 -0.078459095727847372 -0.99691733373312785 
1 8.5209179538655064 2.0287110000000146 14.082878533681132 -1 -7.7791517066305259e-16 9.1045842207840857e-16 9.1045842207840936e-16 -8.8817841970012494e-16 1 7.779151706630518e-16 -1 -8.8817841970012563e-16 
1 8.9221732943847627 2.0287110000000159 13.260999323458206 -0.86166471960661639 -3.3225380758687585e-16 -0.5074779906412209 -0.5074779906412209 -1.2727695866090428e-15 0.86166471960661639 9.3219393631419055e-16 -1 -9.2808915431222729e-16 
1 16.582060241301036 7.7500000000000497 0.82871099999999909 2.0496425070002908e-15 -1 -7.0088835305925183e-16 1 2.0496425070002912e-15 -6.6613381477509383e-16 -6.661338147750953e-16 7.0088835305925045e-16 -1 
1 7.9500000000000615 2.0287110000000084 20.119346000000199 6.8841381715337716e-16 -6.6613381477509363e-16 1 1 9.9995977558808399e-16 -6.8841381715337647e-16 9.999597755880836e-16 -1 -6.6613381477509432e-16 
1 8.7498403504634368 2.0287110000000155 13.159503725329962 -0.50747799064122001 -9.687588344260751e-16 0.86166471960661706 0.86166471960661706 4.1089905988968747e-16 0.50747799064122001 8.4568100993694485e-16 -1 -6.2622308016299216e-16 
1 8.1500000000000608 2.0287110000000088 20.119346000000199 0.98463175454777696 6.4962412270980174e-16 0.17464337358218418 0.17464337358218418 1.0491650243959934e-15 -0.98463175454777696 8.2287025904526339e-16 -1 -9.1958865043078182e-16 
1 8.4199230496187241 2.0287110000000146 13.719681907967072 0.86166471960661639 3.3225380758687585e-16 0.5074779906412209 0.5074779906412209 1.2727695866090428e-15 -0.86166471960661639 9.3219393631419055e-16 -1 -9.2808915431222729e-16 
1 8.3209179538655107 2.0287110000000097 19.155718000000199 1 7.7791517066305259e-16 -9.1045842207840857e-16 -9.1045842207840936e-16 8.8817841970012494e-16 -1 7.779151706630518e-16 -1 -8.8817841970012563e-16 
1 8.1500000000000572 3.3787110000000102 20.319346000000195 8.6597395920760916e-15 -4.4408920985005488e-16 1 -1 2.2204460492502746e-16 8.6597395920760916e-15 2.2204460492503131e-16 1 4.4408920985005295e-16 
2 8.1781188123071136 2.0287110000000088 20.119346000000192 -7.779151706630521e-16 1 -2.2204460492503106e-16 8.6597395920760916e-15 2.2204460492503782e-16 1 1 7.7791517066305022e-16 -8.6597395920760916e-15 0.20000000000000001
