<?xml version='1.0' encoding='utf-8'?>
<!-- FreeCAD DocumentObject -->
<Document SchemaVersion="4" FileVersion="2">
<Object name="Pad014">
  <Properties Count="35" TransientCount="2">
    <_Property name="_Body" type="App::PropertyLinkHidden" status="251658241"/>
    <_Property name="_ElementMapVersion" type="App::PropertyString" status="234881024"/>
    <Property name="AddSubShape" type="Part::PropertyPartShape">
      <Part HasherIndex="0" ElementMap="1.15.70200.4" brep="1">
<![CDATA[

CASCADE Topology V1, (c) Matra-Datavision
Locations 9
1
              1               0               0               0 
              0               1               0               0 
              0               0               1               0 
1
              1               0               0               0 
              0               0              -1             6.4 
              0               1               0          -1e-15 
1
              1               0               0               0 
              0              -0              -1               0 
              0               1              -0               0 
2  1 1 2 1 3 -1 0
1
              1               0               0               0 
              0               1               0           5e-15 
              0               0               1            10.5 
2  1 1 2 1 3 -1 5 1 0
2  3 -1 0
2  1 1 2 1 0
2  3 -1 5 1 0
Curve2ds 0
Curves 16
1 -6.9472135954999548 -0.61084521303611861 -6.4000000000000004 0 4.4e-16 1 
1 -6.3206883814048842 -0.81441559528213203 -6.4000000000000004 0 4.4e-16 1 
1 -6.9472135954999548 -0.61084521303611572 0 0.95105651629515964 -0.30901699437492891 0 
1 -5.1999999999999984 -2.1500000000000092 -6.3999999999999995 0 4.4e-16 1 
1 -6.3206883814048842 -0.81441559528212915 0 0.64278760968653526 -0.76604444311898157 0 
1 5.1999999999999984 -2.1500000000000092 -6.3999999999999995 0 4.4e-16 1 
1 -5.1999999999999984 -2.1500000000000066 0 1 0 0 
1 6.3206883814048842 -0.81441559528213214 -6.4000000000000004 0 4.4e-16 1 
1 5.1999999999999984 -2.1500000000000066 0 0.64278760968653526 0.76604444311898157 0 
1 6.9472135954999548 -0.61084521303611861 -6.4000000000000004 0 4.4e-16 1 
1 6.3206883814048842 -0.81441559528212926 0 0.95105651629515953 0.30901699437492908 0 
1 6.9472135954999548 -2.7608452130361183 -6.3999999999999995 0 4.4e-16 1 
1 6.9472135954999548 -0.61084521303611572 0 0 -1 0 
1 -6.9472135954999548 -2.7608452130361183 -6.3999999999999995 0 4.4e-16 1 
1 6.9472135954999548 -2.7608452130361156 0 -1 0 0 
1 -6.9472135954999548 -2.7608452130361156 0 0 1 0 
Polygon3D 0
PolygonOnTriangulations 0
Surfaces 9
1 -6.9472135954999548 -0.61084521303611861 -6.4000000000000004 0.30901699437492891 0.95105651629515964 -4.2000000000000002e-16 0.95105651629515964 -0.30901699437492891 1.4000000000000003e-16 3.3607746438522304e-18 -4.4270611605645713e-16 -1 
1 -6.3206883814048842 -0.81441559528213203 -6.4000000000000004 0.76604444311898157 0.64278760968653526 -2.8999999999999998e-16 0.64278760968653526 -0.76604444311898157 3.399999999999999e-16 -3.6051012110827228e-18 -4.4686351746954877e-16 -1 
1 -5.1999999999999984 -2.1500000000000092 -6.3999999999999995 0 1 -4.4e-16 1 0 0 0 -4.4e-16 -1 
1 5.1999999999999984 -2.1500000000000092 -6.3999999999999995 -0.76604444311898157 0.64278760968653526 -2.8999999999999998e-16 0.64278760968653526 0.76604444311898157 -3.399999999999999e-16 3.6051012110827228e-18 -4.4686351746954877e-16 -1 
1 6.3206883814048842 -0.81441559528213214 -6.4000000000000004 -0.30901699437492908 0.95105651629515953 -4.2000000000000002e-16 0.95105651629515953 0.30901699437492908 -1.4000000000000001e-16 -3.3607746438521318e-18 -4.4270611605645708e-16 -1 
1 6.9472135954999548 -0.61084521303611861 -6.4000000000000004 1 0 -0 0 -1 4.4e-16 0 -4.4e-16 -1 
1 6.9472135954999548 -2.7608452130361183 -6.3999999999999995 0 -1 4.4e-16 -1 0 0 -0 -4.4e-16 -1 
1 -6.9472135954999548 -2.7608452130361183 -6.3999999999999995 -1 0 0 0 1 -4.4e-16 -0 -4.4e-16 -1 
1 2.1000000000000001e-16 6.3999999999999986 -2.2179401157232816 0 1 -4.2000000000000002e-16 0 4.2000000000000002e-16 1 1 -0 0 
Triangulations 0

TShapes 44
Ve
1e-07
-6.94721359549995 -0.610845213036116 0
0 0

0101101
*
Ed
 1e-07 1 1 0
1  1 0 0 10.5
0

0101000
+44 4 -44 6 *
Ve
1e-07
-6.32068838140488 -0.814415595282129 0
0 0

0101101
*
Ed
 1e-07 1 1 0
1  2 0 0 10.5
0

0101000
+42 4 -42 6 *
Ed
 1e-07 1 1 0
1  3 0 0 0.658767595153755
0

0101000
+44 0 -42 0 *
Wi

0101100
+43 0 -41 0 -40 4 +40 6 *
Fa
0  1e-07 1 0

0111000
+39 0 *
Ve
1e-07
-5.2 -2.15000000000001 0
0 0

0101101
*
Ed
 1e-07 1 1 0
1  4 0 0 10.5
0

0101000
+37 4 -37 6 *
Ed
 1e-07 1 1 0
1  5 0 0 1.74348161743722
0

0101000
+42 0 -37 0 *
Wi

0101100
+41 0 -36 0 -35 4 +35 6 *
Fa
0  1e-07 2 0

0111000
+34 0 *
Ve
1e-07
5.2 -2.15000000000001 0
0 0

0101101
*
Ed
 1e-07 1 1 0
1  6 0 0 10.5
0

0101000
+32 4 -32 6 *
Ed
 1e-07 1 1 0
1  7 0 0 10.4
0

0101000
+37 0 -32 0 *
Wi

0101100
+36 0 -31 0 -30 4 +30 6 *
Fa
0  1e-07 3 0

0111000
+29 0 *
Ve
1e-07
6.32068838140488 -0.814415595282129 0
0 0

0101101
*
Ed
 1e-07 1 1 0
1  8 0 0 10.5
0

0101000
+27 4 -27 6 *
Ed
 1e-07 1 1 0
1  9 0 0 1.74348161743722
0

0101000
+32 0 -27 0 *
Wi

0101100
+31 0 -26 0 -25 4 +25 6 *
Fa
0  1e-07 4 0

0111000
+24 0 *
Ve
1e-07
6.94721359549995 -0.610845213036116 0
0 0

0101101
*
Ed
 1e-07 1 1 0
1  10 0 0 10.5
0

0101000
+22 4 -22 6 *
Ed
 1e-07 1 1 0
1  11 0 0 0.658767595153755
0

0101000
+27 0 -22 0 *
Wi

0101100
+26 0 -21 0 -20 4 +20 6 *
Fa
0  1e-07 5 0

0111000
+19 0 *
Ve
1e-07
6.94721359549995 -2.76084521303612 0
0 0

0101101
*
Ed
 1e-07 1 1 0
1  12 0 0 10.5
0

0101000
+17 4 -17 6 *
Ed
 1e-07 1 1 0
1  13 0 0 2.15
0

0101000
+22 0 -17 0 *
Wi

0101100
+21 0 -16 0 -15 4 +15 6 *
Fa
0  1e-07 6 0

0111000
+14 0 *
Ve
1e-07
-6.94721359549995 -2.76084521303612 0
0 0

0101101
*
Ed
 1e-07 1 1 0
1  14 0 0 10.5
0

0101000
+12 4 -12 6 *
Ed
 1e-07 1 1 0
1  15 0 0 13.8944271909999
0

0101000
+17 0 -12 0 *
Wi

0101100
+16 0 -11 0 -10 4 +10 6 *
Fa
0  1e-07 7 0

0111000
+9 0 *
Ed
 1e-07 1 1 0
1  16 0 0 2.15
0

0101000
+12 0 -44 0 *
Wi

0101100
+11 0 -43 0 -7 4 +7 6 *
Fa
0  1e-07 8 0

0111000
+6 0 *
Wi

0101100
+40 0 +35 0 +30 0 +25 0 +20 0 +15 0 +10 0 +7 0 *
Fa
0  1e-07 9 0

0111000
+4 8 *
Sh

0101100
+38 0 +33 0 +28 0 +23 0 +18 0 +13 0 +8 0 +5 0 +3 7 -3 9 
*
So

1100000
+2 0 *

+1 0 ]]>
      </Part>
      <ElementMap new="1" count="1"><Element key="Dummy" value="Dummy"/></ElementMap>
      <ElementMap2 count="58">
<![CDATA[
83 PostfixCount 11
Edge
Face
Vertex
;:H445,V
;:H445,E
;:G;XTR;:H445:7,F
;FAC;:H445:4,F
;:G;XTR;:H445:7,E
;:U;XTR;:H445:7,E
;:U;XTR;:H445:7,V
;:L#4423;XTR;:H445:c,F

MapCount 1

ElementMap 1 83 3

Edge

ChildCount 0

NameCount 25
0
$#4402.8 0
$#4403.8 0
$#43fe.5 0
$#4412.9 0
$#4404.8 0
$#c3.5 0
$#4413.9 0
$#4405.8 0
$#c4.5 0
$#4414.9 0
$#4406.8 0
$#c5.5 0
$#4415.9 0
$#4407.8 0
$#600.5 0
$#4416.9 0
$#4408.8 0
$#601.5 0
$#4417.9 0
$#4409.8 0
$#602.5 0
$#4418.9 0
$#603.5 0
$#4419.9 0

Face

ChildCount 0

NameCount 11
0
$#440a.6 0
$#4400.6 0
$#440b.6 0
$#440c.6 0
$#440d.6 0
$#440e.6 0
$#440f.6 0
$#4410.6 0
$#4400.7 0
$#4425.b 0

Vertex

ChildCount 0

NameCount 17
0
$#43fc.4 $#33c0.4 0
$#441b.a 0
$#43fd.4 $#b8.4 0
$#441c.a 0
$#b9.4 $#ba.4 0
$#441d.a 0
$#bb.4 $#bc.4 0
$#441e.a 0
$#ae.4 $#5fc.4 0
$#441f.a 0
$#5fd.4 $#3f9d.4 0
$#4420.a 0
$#5fe.4 $#3f9e.4 0
$#4421.a 0
$#5ff.4 $#3f9f.4 0
$#4422.a 0

EndMap
]]>
      </ElementMap2>
    </Property>
    <Property name="AllowMultiFace" type="App::PropertyBool">
      <Bool value="true"/>
    </Property>
    <Property name="BaseFeature" type="App::PropertyLink" status="8">
      <Link value="Chamfer003"/>
    </Property>
    <Property name="ClaimChildren" type="App::PropertyBool" status="134217728">
      <Bool value="false"/>
    </Property>
    <Property name="ColoredElements" type="App::PropertyLinkSubHidden" status="218103808">
      <LinkSub value="" count="0">
      </LinkSub>
    </Property>
    <Property name="Direction" type="App::PropertyVector">
      <PropertyVector valueX="1" valueY="1" valueZ="1"/>
    </Property>
    <Property name="ExpressionEngine" type="App::PropertyExpressionEngine" status="67108864">
      <ExpressionEngine count="0"></ExpressionEngine>
    </Property>
    <Property name="Fit" type="App::PropertyDistance">
      <Float value="0"/>
    </Property>
    <Property name="FitJoin" type="App::PropertyEnumeration">
      <Integer value="0"/>
    </Property>
    <Property name="InnerFit" type="App::PropertyDistance">
      <Float value="0"/>
    </Property>
    <Property name="InnerFitJoin" type="App::PropertyEnumeration">
      <Integer value="0"/>
    </Property>
    <Property name="InnerTaperAngle" type="App::PropertyAngle">
      <Float value="0"/>
    </Property>
    <Property name="InnerTaperAngleRev" type="App::PropertyAngle">
      <Float value="0"/>
    </Property>
    <Property name="Label" type="App::PropertyString" status="134217728">
      <String value="Pad014"/>
    </Property>
    <Property name="Label2" type="App::PropertyString" status="128">
      <String value=""/>
    </Property>
    <Property name="Length" type="App::PropertyLength">
      <Float value="10.5"/>
    </Property>
    <Property name="Length2" type="App::PropertyLength">
      <Float value="100"/>
    </Property>
    <Property name="Midplane" type="App::PropertyBool">
      <Bool value="false"/>
    </Property>
    <Property name="NewSolid" type="App::PropertyBool">
      <Bool value="false"/>
    </Property>
    <Property name="Offset" type="App::PropertyLength">
      <Float value="0"/>
    </Property>
    <Property name="Placement" type="App::PropertyPlacement" status="8388620">
      <PropertyPlacement Px="0" Py="0" Pz="0" Q0="0.7071067811865476" Q1="0" Q2="0" Q3="0.7071067811865475" A="1.570796326794897" Ox="1" Oy="0" Oz="0"/>
    </Property>
    <Property name="Profile" type="App::PropertyLinkSub">
      <LinkSub value="Sketch017" count="0">
      </LinkSub>
    </Property>
    <Property name="Refine" type="App::PropertyBool">
      <Bool value="true"/>
    </Property>
    <Property name="Reversed" type="App::PropertyBool">
      <Bool value="false"/>
    </Property>
    <Property name="Shape" type="Part::PropertyPartShape">
      <Part HasherIndex="0" ElementMap="1.15.70200.4" brep="1">
<![CDATA[

CASCADE Topology V1, (c) Matra-Datavision
Locations 64
1
              1               0               0               0 
              0               0              -1               0 
              0               1               0               0 
1
              1               0               0               0 
              0               1               0               0 
              0               0               1               0 
1
              1               0               0               0 
              0               1               0               0 
              0               0               1               0 
1
              1               0               0               0 
              0               0              -1               0 
              0               1               0               0 
1
              1               0               0               0 
              0              -0              -1               0 
              0               1              -0               0 
2  2 1 3 1 4 1 5 -1 0
2  3 -1 2 -1 0
2  3 -1 0
2  2 1 3 1 0
1
              1               0               0               0 
              0               1               0               0 
              0               0               1               0 
1
              1               0              -0               0 
             -0           1e-15              -1           1.225 
              0               1           1e-15          -2e-15 
1
              1               0               0               0 
              0              -0              -1               0 
              0               1              -0               0 
2  10 1 11 1 12 -1 2 1 3 1 0
2  2 -1 12 1 11 -1 10 -1 0
2  3 1 4 1 5 -1 0
1
              1               0               0               0 
              0              -0              -1               0 
              0               1              -0               0 
1
              1               0               0               0 
              0               1               0          -7e-15 
              0               0               1              -7 
1
              1               0               0               0 
              0               0              -1               0 
              0               1               0               0 
2  16 -1 17 1 18 1 12 -1 2 1 0
2  4 1 5 -1 0
1
              1               0               0              -0 
              0               1               0           8e-15 
              0               0               1               5 
2  12 -1 21 1 2 1 3 1 0
2  16 -1 17 1 18 1 12 -1 0
2  2 -1 0
2  10 1 11 1 12 -1 2 1 0
2  17 -1 16 1 0
2  12 -1 21 1 2 1 3 1 4 1 5 -1 0
2  3 -1 2 -1 21 -1 12 1 0
2  18 1 12 -1 2 1 3 1 4 1 5 -1 0
2  16 -1 17 1 0
2  16 -1 0
1
              1               0               0               0 
              0              -0              -1               0 
              0               1              -0               0 
1
              1               0               0              -0 
              0               1               0          -3e-15 
              0               0               1          -5.775 
1
              1               0               0               0 
              0               1               0           5e-15 
              0               0               1           11.55 
1
              1               0               0               0 
              0               0              -1               0 
              0               1               0               0 
2  32 -1 33 1 34 1 35 1 16 -1 0
1
              1               0               0               0 
              0               1               0               0 
              0               0               1               0 
1
              1               0               0               0 
              0               0              -1               0 
              0               1               0               0 
2  37 1 38 1 32 -1 33 1 34 1 35 1 16 -1 0
2  33 -1 32 1 38 -1 37 -1 0
2  34 -1 33 -1 32 1 38 -1 37 -1 0
1
              1               0               0               0 
              0              -0              -1               0 
              0               1              -0               0 
1
              1               0               0               0 
              0               0              -1               0 
              0               1               0               0 
1
              1               0               0               0 
              0               1               0               0 
              0               0               1               0 
2  42 1 43 -1 44 -1 34 -1 33 -1 32 1 38 -1 37 -1 0
1
              1               0               0              -0 
              0               1               0          -4e-15 
              0               0               1              -5 
2  46 -1 42 1 43 -1 44 -1 34 -1 33 -1 32 1 38 -1 37 -1 0
2  35 1 16 -1 18 1 12 -1 2 1 3 1 4 1 5 -1 0
2  37 1 38 1 32 -1 33 1 0
2  37 1 38 1 32 -1 33 1 34 1 0
2  5 1 4 -1 3 -1 2 -1 12 1 18 -1 16 1 35 -1 0
2  37 1 38 1 32 -1 33 1 35 1 16 -1 18 1 12 -1 2 1 3 1 4 1 5 -1 0
2  5 1 4 -1 3 -1 2 -1 12 1 18 -1 16 1 35 -1 33 -1 32 1 38 -1 37 -1 0
2  37 1 38 1 32 -1 33 1 34 1 35 1 16 -1 18 1 12 -1 2 1 3 1 4 1 5 -1 0
1
              1               0               0               0 
              0               1               0               0 
              0               0               1               0 
1
              1               0               0               0 
              0               0              -1             6.4 
              0               1               0          -1e-15 
1
              1               0               0               0 
              0               1               0           5e-15 
              0               0               1            10.5 
2  55 1 56 1 5 -1 57 1 0
2  57 -1 5 1 56 -1 55 -1 0
2  32 -1 33 1 35 1 16 -1 18 1 12 -1 2 1 3 1 4 1 5 -1 0
2  55 1 56 1 5 -1 0
2  5 -1 57 1 0
2  5 -1 0
2  55 1 56 1 0
Curve2ds 150
1 0 0 0 1 
1 0.057735026918964039 -2.2e-16 3.0000000000000001e-17 -1 
1 4.4e-16 -0.070710678118654613 1 0 
1 1.1279056191361225 -4.8999999999999995 -1 -0 
1 0 0 0 1 
1 1.1279056191361225 0 3.0000000000000001e-17 -1 
1 0 0 1 0 
1 8.8800000000000007e-15 4.8999999999999995 1 0 
1 -0.52359877559826806 -2.2e-16 1 0 
2 -0.1799958756745571 -5.2999999999999998 -1 0 -0 -1 0.10000000000000001
1 1.0471975511966261 0 0 1 
1 0.34226497308103543 -2.2e-16 6.0000000000000001e-17 -1 
8 0 0.14142135623730953
1 0.52359877559826939 0 0 1 
8 0 0.14142135623730953
1 3.1000000000000001e-16 -0.070710678118654613 0 1 
1 4.4e-16 0.070710678118654613 1 0 
1 -0.42154302745514938 -4.3732050807568896 0.49999999999997552 -0.86602540378445281 
8 -0.070710678118654613 0.070710678118654613
1 1.0701705922171587 0 0 1 
8 -0.070710678118654613 0.070710678118654613
1 -8.8800000000000007e-15 0.070710678118654613 0 1 
1 -5.7595865315813155 -6.7000000000000004e-16 1 0 
2 -0.71508117178310981 -4.3732050807568887 -1 0 0 1 0.10000000000000001
1 -1.5707963267948966 -6.7000000000000004e-16 1 0 
2 0.062269097406478353 -5.2999999999999998 -1 0 -0 -1 0.10000000000000001
1 -5.7595865315813155 -6.7000000000000004e-16 1 0 
2 -0.71508117178310981 4.3732050807568905 -1 0 -0 -1 0.10000000000000001
1 -3.1415926535897931 -6.7000000000000004e-16 1 0 
2 0.062269097406478353 5.3000000000000016 -1 0 -0 -1 0.10000000000000001
1 -4.7123889803846897 -6.7000000000000004e-16 1 0 
2 -0.1799958756745571 5.3000000000000016 -1 0 -0 -1 0.10000000000000001
1 0 0 1 0 
1 0 -7 1 0 
1 0 0 1 0 
1 0 -7 1 0 
1 0 0 1 0 
1 0 -7 1 0 
1 0 0 1 0 
1 0 -7 1 0 
1 0 0 1 0 
1 0 -7 1 0 
1 0 0 1 0 
1 0 -7 1 0 
1 0 0 1 0 
1 0.52359877559826939 4.9000000000000004 -1 -0 
1 0.52359877559827062 0 0 1 
1 0.02679491924311073 0 0 -1 
1 0 0.14142135623730953 1 0 
8 0 0.14142135623730953
1 1.0471975511966172 0 0 1 
8 0 0.14142135623730953
1 -4.9999999999999999e-17 -0.070710678118654169 0 1 
1 0 0 0 1 
1 0.099999999999999978 -2.2e-16 6.0000000000000001e-17 -1 
1 1.1e-16 -0.070710678118654169 1 0 
1 0.34226497308103554 -4.8999999999999995 -1 0 
8 -0.070710678118655057 0.070710678118654613
1 8.7464101615137793 0 0 1 
8 -0.070710678118655057 0.070710678118654613
1 -1.2199999999999999e-15 0.070710678118655057 0 1 
1 0 0.14142135623730953 1 0 
1 -1.1e-16 0.070710678118655057 1 0 
1 0.35580724173443878 5.3000000000000007 -1 -0 
1 0 0.070710678118654613 1 0 
1 0.35580724173443878 -5.2999999999999998 0 1 
1 0 0.070710678118654613 1 0 
1 0.11354226865340333 5.3000000000000007 -0.49999999999997552 -0.86602540378445281 
1 0 0.070710678118655057 1 0 
1 0.11354226865340344 -5.3000000000000007 1 0 
1 0 0.070710678118654613 1 0 
1 -0.42154302745514927 4.3732050807568896 0 -1 
1 0 -0.070710678118655057 1 0 
1 8.77320508075689 -4.9000000000000004 -1 0 
1 0.52359877559827062 0 0 1 
1 8.77320508075689 0 0 -1 
1 0 0 1 0 
1 1.1100000000000001e-15 4.9000000000000004 1 0 
1 1.5707963267948966 0 0 1 
1 10.700000000000001 0 0 -1 
1 0 0 0 1 
1 0.02679491924311073 -2.2e-16 -3.0000000000000001e-17 -1 
1 0 0 1 0 
1 4.4400000000000004e-15 4.9000000000000004 1 0 
1 0 0 0 1 
1 0.099999999999999645 0 0 -1 
1 0 -0.070710678118654613 1 0 
1 10.699999999999999 -4.9000000000000004 -1 0 
1 0 -0.070710678118655057 1 0 
1 1.0969655114602688 -4.9000000000000004 -1 0 
1 1.0471975511966261 0 0 1 
1 1.0969655114602688 -4.4e-16 -3.0000000000000001e-17 -1 
1 0 0 1 0 
1 0 4.9000000000000004 1 0 
1 1.5707963267948966 0 0 1 
1 0.30000000000000004 -2.2e-16 -6.0000000000000001e-17 -1 
1 0 0 0 1 
1 0.057735026918964587 -2.2e-16 -6.0000000000000001e-17 -1 
1 0 0 1 0 
1 0 4.8999999999999995 1 0 
1 -1.1e-16 -0.070710678118654169 1 0 
1 0.29999999999999982 -4.9000000000000004 -1 0 
1 1.5707963267948966 0 0 -1 
1 7.8539816339744828 0 0 -1 
1 3.1415926535897931 0 0 -1 
1 6.2831853071795862 0 0 -1 
1 3.1415926535897931 0 0 -1 
1 6.2831853071795862 0 0 -1 
1 4.3982297150257299 0 0 -1 
1 5.0265482457436494 0 0 -1 
1 2.1293016874331023 0 0 -1 
1 1.5707963267948966 0 0 -1 
1 1.5707963267948966 0 0 -1 
1 2.1293016874331023 0 0 -1 
8 -0.070710678118654169 0.070710678118655057
1 0.2422649730810354 0 0 1 
8 -0.070710678118654169 0.070710678118655057
1 -1.1100000000000001e-15 0.070710678118654169 0 1 
8 0 0.14142135623730953
1 0.52359877559826618 0 0 1 
8 0 0.14142135623730953
1 -0 -0.070710678118655057 0 1 
8 0 0.14142135623730953
1 1.5707963267948966 0 0 1 
8 0 0.14142135623730953
1 -6.0000000000000001e-17 -0.070710678118654169 0 1 
8 -0.070710678118654169 0.070710678118655057
1 0.2422649730810354 0 0 1 
8 -0.070710678118654169 0.070710678118655057
1 0 0.070710678118654169 0 1 
8 0 0.14142135623730953
1 1.5707963267948954 0 0 1 
8 0 0.14142135623730953
1 -1.7800000000000001e-15 -0.070710678118654613 0 1 
8 0 0.14142135623730953
1 0 0 0 1 
8 0 0.14142135623730953
1 10.6 -0.070710678118654613 0 1 
8 0 0.14142135623730953
1 1.0471975511966261 0 0 1 
8 0 0.14142135623730953
1 1.4000000000000001e-16 -0.070710678118655057 0 1 
8 -0.070710678118655057 0.070710678118654613
1 1.0701705922171583 0 0 1 
8 -0.070710678118655057 0.070710678118654613
1 -4.4400000000000004e-15 0.070710678118655057 0 1 
1 0 0.14142135623730953 1 0 
1 0 0.14142135623730953 1 0 
1 0 0.14142135623730953 1 0 
1 0 0.14142135623730953 1 0 
1 0 0 1 0 
1 0 -11.550000000000001 1 0 
1 0 0 1 0 
1 0 -5 1 0 
1 0 0 1 0 
1 0 -11.550000000000001 1 0 
1 0 0 1 0 
1 0 -5 1 0 
1 0 0 1 0 
1 0 -11.550000000000001 1 0 
1 0 0 1 0 
1 0 -5 1 0 
1 0 0 1 0 
1 0 -11.550000000000001 1 0 
1 0 0 1 0 
1 0 -5 1 0 
1 1.5707963267948959 0 0 -1 
1 1.5707963267948961 0 0 -1 
1 3.1415926535897931 0 0 -1 
1 0 0 0 -1 
1 3.1415926535897931 0 0 -1 
1 6.2831853071795862 0 0 -1 
1 4.3982297150257113 0 0 -1 
1 5.0265482457436681 0 0 -1 
Curves 122
1 -5.3499999999999979 0.54848275573010563 -1.225000000000003 -0 1.6099999999999999e-15 1 
1 -4.4232050807568868 0.01339745962156075 3.6749999999999976 -0.86602540378445281 0.49999999999997552 -8.2999999999999998e-16 
1 -5.4000000000000004 0.57735026918958809 0 0.86602540378445281 -0.49999999999997552 0 
1 -4.4232050807568868 0.013397459621552889 -1.2250000000000023 -0 1.6099999999999999e-15 1 
2 -5.3000000000000007 0.63508529610855879 3.6749999999999967 -0 -1.59e-15 -1 -0.49999999999997163 -0.86602540378445514 1.3769803920172837e-15 -0.86602540378445514 0.49999999999997163 -7.9499999999995494e-16 0.10000000000000001
8 0.52359877559826806 1.5707963267948966
2 -5.3000000000000007 0.63508529610855091 -1.2250000000000039 0 -1.6099999999999999e-15 -1 0 -1 1.6099999999999999e-15 -1 -0 0 0.10000000000000001
1 -5.4000000000000004 0.63508529610855091 -1.2250000000000032 -0 1.6099999999999999e-15 1 
1 -4.4232050807568868 0.0133974596215606 3.6749999999999976 0.35355339059325591 0.61237243569580635 0.70710678118654635 
1 -4.3732050807568896 0.1000000000000062 3.7749999999999977 -0.86602540378445281 0.49999999999997552 -8.2999999999999998e-16 
1 -5.3250000000000002 0.59178402591933654 3.724999999999997 0.35355339059325563 0.61237243569580435 0.70710678118654813 
8 5.7595865315813191 6.2831853071795862
2 -4.3732050807568896 0.099999999999998174 -1.2250000000000032 -0 1.6099999999999999e-15 1 0 -1 1.6099999999999999e-15 1 0 0 0.10000000000000001
1 -5.4000000000000004 0.97735026918958812 0 0 -1 0 
1 -4.4000000000000004 0 0 1 -0 0 
8 1.5707963267948966 3.141592653589802
2 -5.3000000000000007 0.87735026918958636 -1.2250000000000043 0 -1.6099999999999999e-15 -1 0 -1 1.6099999999999999e-15 -1 -0 0 0.10000000000000001
8 5.7595865315813191 6.2831853071795951
2 4.3732050807568896 0.099999999999998229 -1.2250000000000032 0 -1.6099999999999999e-15 -1 0 -1 1.6099999999999999e-15 -1 -0 0 0.10000000000000001
1 5.4000000000000004 0.97735026918958812 0 -1 0 0 
1 4.4000000000000004 -0 0 0.86602540378445281 0.49999999999997552 0 
8 3.1415926535897931 4.7123889803846897
2 5.3000000000000007 0.87735026918958636 -1.2250000000000043 0 -1.6099999999999999e-15 -1 0 -1 1.6099999999999999e-15 -1 -0 0 0.10000000000000001
8 4.7123889803846897 5.7595865315813199
2 5.3000000000000007 0.63508529610855091 -1.2250000000000039 0 -1.6099999999999999e-15 -1 0 -1 1.6099999999999999e-15 -1 -0 0 0.10000000000000001
1 5.4000000000000004 0.57735026918958809 0 0 1 0 
1 -6.6999999999999984 -5.774999999999995 2.900000000000003 1 -0 0 
2 -6.6999999999999993 -5.774999999999995 2.6000000000000032 -0 -1 7.7999999999999995e-16 1 0 0 -0 7.7999999999999995e-16 1 0.29999999999999982
2 6.6999999999999993 -5.774999999999995 2.6000000000000032 -0 -1 7.7999999999999995e-16 1 0 0 -0 7.7999999999999995e-16 1 0.29999999999999982
1 -6.9999999999999991 -5.7749999999999977 0.15000000000000258 0 7.7999999999999995e-16 1 
1 6.9999999999999991 -5.774999999999995 2.6000000000000032 -0 -7.7999999999999995e-16 -1 
2 -6.7000000000000002 -5.7749999999999977 0.15000000000000246 -0 -1 7.7999999999999995e-16 1 0 0 -0 7.7999999999999995e-16 1 0.29999999999999893
2 6.6999999999999993 -5.7749999999999977 0.15000000000000335 -0 -1 7.7999999999999995e-16 1 0 0 -0 7.7999999999999995e-16 1 0.29999999999999982
1 -6.1661798842174207 -5.7749999999999977 -0.3388873371345531 -0.95105651629515975 2.4e-16 0.30901699437492841 
1 6.7927050983124921 -5.7749999999999977 -0.13531695488853956 -0.95105651629515975 -2.4e-16 -0.30901699437492852 
2 -6.3206883814048851 -5.7749999999999977 -0.81441559528213281 0 -1 7.7999999999999995e-16 0.64278760968653936 -5.9751466563280279e-16 -0.76604444311897801 0.76604444311897801 5.0137433555550067e-16 0.64278760968653936 0.5
2 6.3206883814048851 -5.7749999999999977 -0.81441559528213303 0 -1 7.7999999999999995e-16 0.95105651629515975 2.4103325561244424e-16 0.30901699437492852 -0.30901699437492852 7.4182408271022457e-16 0.95105651629515975 0.5
1 -4.8169777784405099 -5.7749999999999986 -1.8286061951567258 -0.64278760968653936 5.9999999999999999e-16 0.76604444311897801 
1 5.9376661598453957 -5.7749999999999977 -0.49302179043886341 -0.64278760968653936 -5.9999999999999999e-16 -0.76604444311897801 
1 5.1999999999999993 -5.7749999999999986 -1.6499999999999957 -1 0 -0 
2 -4.3732050807568896 0.10000000000000593 3.6749999999999976 -0 -1.59e-15 -1 0 -1 1.59e-15 -1 0 0 0.10000000000000001
1 -4.3732050807568896 -1.8300000000000002e-15 -1.2250000000000023 -0 1.6099999999999999e-15 1 
1 -5.4000000000000004 0.63508529610855746 3.6749999999999967 0.70710678118654757 1.061e-14 0.70710678118654757 
1 -5.4000000000000004 0.87735026918958636 -1.2250000000000036 -0 1.6099999999999999e-15 1 
1 -5.4000000000000004 0.63508529610855891 3.6749999999999963 0 1 -1.6699999999999999e-15 
1 -4.3732050807568896 0.050000000000006227 3.7249999999999979 0 0.70710678118654779 0.70710678118654735 
1 5.3000000000000007 0.87735026918959436 3.7749999999999964 -0 -1 1.6699999999999999e-15 
1 -5.2999999999999998 0.87735026918959436 3.7749999999999959 1 0 0 
1 5.3000000000000007 0.63508529610855891 3.7749999999999968 -0.86602540378445281 -0.49999999999997552 8.2999999999999998e-16 
1 -5.3000000000000007 0.63508529610855902 3.7749999999999964 0 1 -1.6699999999999999e-15 
1 4.3732050807568896 0.10000000000000631 3.7749999999999977 -1 0 -0 
1 4.3732050807568896 6.1400000000000004e-15 3.6749999999999976 -1 0 -0 
1 4.3732050807568896 -1.7800000000000001e-15 -1.2250000000000023 -0 1.6099999999999999e-15 1 
2 -5.3000000000000007 0.87735026918959425 3.6749999999999963 -0 -1.59e-15 -1 -1 1.1100000000000001e-15 -1.7649000000000003e-30 1.1100000000000001e-15 1 -1.59e-15 0.10000000000000001
1 -5.3000000000000007 0.97735026918958634 -1.2250000000000039 -0 1.6099999999999999e-15 1 
1 4.4232050807568868 0.01339745962155295 -1.2250000000000023 -0 1.6099999999999999e-15 1 
2 4.3732050807568896 0.10000000000000604 3.6749999999999976 -0 -1.59e-15 -1 0.49999999999997197 -0.86602540378445492 1.3769803920172833e-15 -0.86602540378445492 -0.49999999999997197 7.9499999999995543e-16 0.10000000000000001
1 5.3000000000000007 0.97735026918958634 -1.2250000000000039 -0 1.6099999999999999e-15 1 
1 -5.2999999999999998 0.97735026918959422 3.6749999999999958 1 0 0 
1 5.3499999999999979 0.54848275573011351 3.6749999999999967 -0.86602540378445281 -0.49999999999997552 8.2999999999999998e-16 
1 5.3499999999999979 0.54848275573010563 -1.225000000000003 -0 1.6099999999999999e-15 1 
2 5.3000000000000007 0.87735026918959425 3.6749999999999963 -0 -1.59e-15 -1 0 1 -1.59e-15 1 -0 0 0.10000000000000001
1 5.4000000000000004 0.87735026918958636 -1.2250000000000036 -0 1.6099999999999999e-15 1 
1 5.4000000000000004 0.63508529610855091 -1.2250000000000032 -0 1.6099999999999999e-15 1 
2 5.3000000000000007 0.63508529610855879 3.6749999999999967 -0 -1.59e-15 -1 1 -0 0 -0 -1 1.59e-15 0.10000000000000001
1 5.4000000000000004 0.87735026918959425 3.6749999999999963 -0 -1 1.6699999999999999e-15 
1 -6.6999999999999993 2.9000000000000044 5.7749999999999941 0 -1.0000000000000001e-15 -1 
1 6.7000000000000002 2.9000000000000044 5.7749999999999941 0 -1.0000000000000001e-15 -1 
1 -6.9999999999999991 2.6000000000000045 5.774999999999995 0 -1.0000000000000001e-15 -1 
1 6.9999999999999991 2.6000000000000045 5.7749999999999941 0 -1.0000000000000001e-15 -1 
1 -6.9999999999999991 0.15000000000000377 5.7749999999999977 0 -1.0000000000000001e-15 -1 
1 6.9999999999999991 0.15000000000000474 5.7749999999999968 0 -1.0000000000000001e-15 -1 
1 -6.7927050983124779 -0.13531695488854298 5.7749999999999977 0 -1.0000000000000001e-15 -1 
1 6.7927050983124779 -0.13531695488854312 5.7749999999999977 0 -1.0000000000000001e-15 -1 
1 -6.1661798842174207 -0.3388873371345516 5.7749999999999977 0 -1.0000000000000001e-15 -1 
1 6.1661798842174207 -0.33888733713455171 5.7749999999999977 0 -1.0000000000000001e-15 -1 
1 -5.9376661598453957 -0.49302179043886168 5.7749999999999977 0 -1.0000000000000001e-15 -1 
1 5.9376661598453957 -0.49302179043886224 5.7749999999999977 0 -1.0000000000000001e-15 -1 
1 -4.9668461709224996 -1.6499999999999944 5.7749999999999986 0 -1.0000000000000001e-15 -1 
1 4.9668461709224996 -1.6499999999999941 5.7749999999999986 0 -1.0000000000000001e-15 -1 
1 -5.3500000000000005 0.87735026918959425 3.7249999999999956 0.70710678118654602 1.18e-15 0.70710678118654913 
1 4.3732050807568896 6.0400000000000003e-15 3.6749999999999976 -2.2e-16 0.70710678118654891 0.70710678118654613 
1 5.4000000000000004 0.87735026918959425 3.6749999999999963 -0.70710678118654746 1.08e-15 0.70710678118654757 
1 5.3500000000000005 0.63508529610855891 3.7249999999999965 -0.70710678118654602 1.18e-15 0.70710678118654913 
1 -5.3000000000000007 0.97735026918959422 3.6749999999999963 4.0000000000000003e-17 -0.70710678118654635 0.70710678118654868 
1 5.3000000000000007 0.97735026918959422 3.6749999999999963 0 -0.70710678118654635 0.70710678118654868 
1 5.3499999999999979 0.54848275573011351 3.6749999999999967 -0.35355339059325641 0.61237243569580568 0.70710678118654668 
1 4.3982050807568882 0.056698729810783173 3.7249999999999979 -0.35355339059325569 0.61237243569580435 0.70710678118654813 
1 -6.6999999999999993 3.3999999999999995 0 1 0 0 
2 -6.7000000000000002 2.5999999999999996 0 0 0 1 1 0 -0 -0 1 0 0.80000000000000027
2 6.7000000000000002 2.5999999999999996 0 0 0 1 1 0 -0 -0 1 0 0.80000000000000004
1 -7.5 0.14999999999999872 0 0 1 0 
1 7.5 2.5999999999999996 0 0 -1 0 
2 -6.7000000000000011 0.14999999999999861 0 0 0 1 1 0 -0 -0 1 0 0.79999999999999893
2 6.7000000000000002 0.14999999999999955 0 0 0 1 1 0 -0 -0 1 0 0.80000000000000004
1 -6.320688381404886 -0.81441559528213703 0 -0.95105651629515975 0.30901699437492841 0 
1 6.9472135954999574 -0.6108452130361236 0 -0.95105651629515975 -0.30901699437492852 0 
1 -5.2000000000000002 -2.1499999999999999 0 -0.64278760968653936 0.76604444311897801 0 
1 6.320688381404886 -0.81441559528213703 0 -0.64278760968653936 -0.76604444311897801 0 
1 5.2000000000000002 -2.1499999999999999 0 -1 0 0 
1 -6.6999999999999993 3.3999999999999968 -5.7750000000000021 0 4.4e-16 1 
1 6.6999999999999993 3.3999999999999968 -5.7750000000000021 0 4.4e-16 1 
1 -7.5 2.599999999999997 -5.7750000000000012 0 4.4e-16 1 
1 7.5 2.599999999999997 -5.7750000000000012 0 4.4e-16 1 
1 -7.5 0.14999999999999616 -5.7750000000000004 0 4.4e-16 1 
1 7.5 0.14999999999999686 -5.7750000000000004 0 4.4e-16 1 
1 -6.9472135954999583 -0.61084521303612593 -5.7750000000000004 0 4.4e-16 1 
1 6.9472135954999574 -0.61084521303612616 -5.7750000000000004 0 4.4e-16 1 
1 -6.9472135954999548 -0.61084521303611572 0 0.95105651629515964 -0.30901699437492891 0 
1 -6.320688381404886 -0.81441559528213958 -5.7750000000000004 0 4.4e-16 1 
1 6.3206883814048842 -0.81441559528212926 0 0.95105651629515953 0.30901699437492908 0 
1 6.320688381404886 -0.81441559528213958 -5.7750000000000004 0 4.4e-16 1 
1 -6.3206883814048842 -0.81441559528212915 0 0.64278760968653526 -0.76604444311898157 0 
1 -5.2000000000000002 -2.1500000000000026 -5.7749999999999995 0 4.4e-16 1 
1 5.1999999999999984 -2.1500000000000066 0 0.64278760968653526 0.76604444311898157 0 
1 5.2000000000000002 -2.1500000000000026 -5.7749999999999995 0 4.4e-16 1 
1 -5.1999999999999984 -2.1500000000000066 0 1 0 0 
1 -6.9472135954999548 -2.7608452130361183 -6.3999999999999995 0 4.4e-16 1 
1 -6.9472135954999548 -0.61084521303611861 -6.4000000000000004 0 4.4e-16 1 
1 -6.9472135954999548 -2.7608452130361156 0 0 1 0 
1 6.9472135954999548 -0.61084521303611861 -6.4000000000000004 0 4.4e-16 1 
1 6.9472135954999548 -2.7608452130361183 -6.3999999999999995 0 4.4e-16 1 
1 6.9472135954999548 -0.61084521303611572 0 0 -1 0 
1 6.9472135954999548 -2.7608452130361156 0 -1 0 0 
1 6.3206883814048842 -0.81441559528213214 -6.4000000000000004 0 4.4e-16 1 
1 5.1999999999999984 -2.1500000000000092 -6.3999999999999995 0 4.4e-16 1 
1 -5.1999999999999984 -2.1500000000000092 -6.3999999999999995 0 4.4e-16 1 
1 -6.3206883814048842 -0.81441559528213203 -6.4000000000000004 0 4.4e-16 1 
Polygon3D 0
PolygonOnTriangulations 0
Surfaces 66
1 -5.4000000000000004 0.57735026918958632 -1.2250000000000032 0.49999999999997552 0.86602540378445281 -1.3899999999999999e-15 0.86602540378445281 -0.49999999999997552 8.3000000000000008e-16 2.3801085141129991e-17 -1.6187753112603691e-15 -1 
2 -5.3000000000000007 0.63508529610855091 -1.2250000000000032 -0 1.6099999999999999e-15 1 -0.49999999999997552 -0.86602540378445281 1.3943009000929689e-15 -0.86602540378445281 0.49999999999997552 -8.0499999999996052e-16 0.10000000000000001
1 -4.3982050807568882 0.056698729810783471 3.7249999999999979 -0.35355339059325719 -0.6123724356958048 0.70710678118654702 -0.86602540378445281 0.49999999999997535 -8.3266726846886721e-16 0.35355339059325558 0.61237243569580446 0.70710678118654813 
2 -4.3732050807568896 0.099999999999998174 -1.2250000000000025 -0 1.6099999999999999e-15 1 -0.49999999999997552 -0.86602540378445281 1.3943009000929689e-15 0.86602540378445281 -0.49999999999997552 8.0499999999996052e-16 0.10000000000000001
3 -5.3000000000000007 0.63508529610855879 3.6749999999999967 0 1.59e-15 1 -0.49999999999997163 -0.86602540378445514 1.3769803920172837e-15 -0.86602540378445514 0.49999999999997163 -7.9499999999995494e-16 0.10000000000000001
-0.78539816339744828
1 -4.8000000000000001e-16 -5.7749999999999968 0.81508117178311434 0 1 -7.7999999999999995e-16 0 7.7999999999999995e-16 1 1 -0 0 
1 -5.4000000000000004 0.97735026918958634 -1.2250000000000039 1 0 0 0 -1 1.6699999999999999e-15 0 -1.6699999999999999e-15 -1 
3 -4.3732050807568896 0.10000000000000593 3.6749999999999976 0 1.59e-15 1 0 -1 1.59e-15 -1 -0 0 0.10000000000000001
-0.78539816339744872
1 0 1.2250000000000032 0.5215430274551478 -0 1 -1.36e-15 0 1.36e-15 1 1 0 -0 
2 -5.3000000000000007 0.87735026918958636 -1.2250000000000036 -0 1.6099999999999999e-15 1 -1 0 -0 0 1 -1.6099999999999999e-15 0.10000000000000001
2 4.3732050807568896 0.099999999999998229 -1.2250000000000025 -0 1.6099999999999999e-15 1 0.49999999999997552 -0.86602540378445281 1.3943009000929689e-15 -0.86602540378445281 -0.49999999999997552 8.0499999999996052e-16 0.10000000000000001
2 5.3000000000000007 0.87735026918958636 -1.2250000000000036 -0 1.6099999999999999e-15 1 0 1 -1.6099999999999999e-15 1 -0 0 0.10000000000000001
2 5.3000000000000007 0.63508529610855091 -1.2250000000000032 -0 1.6099999999999999e-15 1 1 0 0 -0 -1 1.6099999999999999e-15 0.10000000000000001
2 -6.6999999999999993 2.6000000000000045 5.7749999999999941 -0 1.0000000000000001e-15 1 1 0 0 0 1 -1.0000000000000001e-15 0.29999999999999982
2 6.6999999999999993 2.6000000000000045 5.7749999999999941 -0 1.0000000000000001e-15 1 1 0 0 0 1 -1.0000000000000001e-15 0.29999999999999982
2 -6.7000000000000002 0.15000000000000374 5.7749999999999977 -0 1.0000000000000001e-15 1 1 0 0 0 1 -1.0000000000000001e-15 0.29999999999999893
2 6.6999999999999993 0.15000000000000463 5.7749999999999977 -0 1.0000000000000001e-15 1 1 0 0 0 1 -1.0000000000000001e-15 0.29999999999999982
2 -6.3206883814048851 -0.81441559528213148 5.7749999999999977 0 1.0000000000000001e-15 1 0.64278760968653936 -0.76604444311897801 7.6604444311897804e-16 0.76604444311897801 0.64278760968653936 -6.4278760968653939e-16 0.5
2 6.3206883814048851 -0.8144155952821317 5.7749999999999977 0 1.0000000000000001e-15 1 0.95105651629515975 0.30901699437492852 -3.0901699437492855e-16 -0.30901699437492852 0.95105651629515975 -9.5105651629515987e-16 0.5
1 -4.4000000000000004 -1.77e-15 -1.2250000000000023 0 1 -1.6099999999999999e-15 1 -0 0 0 -1.6099999999999999e-15 -1 
1 -5.3500000000000005 0.63508529610855891 3.7249999999999961 -0.70710678118654913 1.0999999999999999e-15 0.70710678118654602 -5.7182540694795958e-17 1 -1.6128174593052042e-15 0.70710678118654602 1.180868324581537e-15 0.70710678118654913 
1 4.3732050807568896 0.050000000000006227 3.7249999999999979 -0 -0.70710678118654735 0.70710678118654779 -1 0 0 0 0.70710678118654779 0.70710678118654735 
1 5.3500000000000005 0.87735026918959425 3.7249999999999961 0.70710678118654913 1.13e-15 0.70710678118654602 -3.0969337259199528e-17 -1 1.6290306627408008e-15 -0.70710678118654602 1.1737972567696717e-15 0.70710678118654913 
1 -5.2999999999999998 0.92735026918959429 3.7249999999999961 0 0.70710678118654835 0.70710678118654668 1 0 -0 0 -0.70710678118654668 0.70710678118654835 
1 5.3249999999999993 0.59178402591933621 3.724999999999997 0.3535533905932573 -0.6123724356958048 0.70710678118654702 -0.86602540378445281 -0.49999999999997558 8.3266726846886721e-16 -0.35355339059325569 0.61237243569580435 0.70710678118654813 
3 -5.3000000000000007 0.87735026918959425 3.6749999999999963 0 1.59e-15 1 -1 1.1100000000000001e-15 -1.7649000000000003e-30 1.1100000000000001e-15 1 -1.59e-15 0.10000000000000001
-0.78539816339744828
1 5.4000000000000004 0.97735026918958634 -1.2250000000000039 -0 -1 1.6099999999999999e-15 -1 0 0 -0 -1.6099999999999999e-15 -1 
1 4.4000000000000004 -1.77e-15 -1.2250000000000023 -0.49999999999997552 0.86602540378445281 -1.3899999999999999e-15 0.86602540378445281 0.49999999999997552 -8.3000000000000008e-16 -2.3801085141129991e-17 -1.6187753112603691e-15 -1 
3 4.3732050807568896 0.10000000000000604 3.6749999999999976 0 1.59e-15 1 0.49999999999997197 -0.86602540378445492 1.3769803920172833e-15 -0.86602540378445492 -0.49999999999997197 7.9499999999995543e-16 0.10000000000000001
-0.78539816339744872
3 5.3000000000000007 0.87735026918959425 3.6749999999999963 0 1.59e-15 1 -0 1 -1.59e-15 1 -0 -0 0.10000000000000001
-0.78539816339744828
1 5.4000000000000004 0.57735026918958632 -1.2250000000000032 -1 -0 -0 0 1 -1.6699999999999999e-15 0 -1.6699999999999999e-15 -1 
3 5.3000000000000007 0.63508529610855879 3.6749999999999967 0 1.59e-15 1 1 0 -0 0 -1 1.59e-15 0.10000000000000001
-0.78539816339744828
