<?xml version='1.0' encoding='utf-8'?>
<!-- FreeCAD DocumentObject -->
<Document SchemaVersion="4" FileVersion="2">
<Object name="Pad013">
  <Properties Count="35" TransientCount="2">
    <_Property name="_Body" type="App::PropertyLinkHidden" status="251658241"/>
    <_Property name="_ElementMapVersion" type="App::PropertyString" status="234881024"/>
    <Property name="AddSubShape" type="Part::PropertyPartShape">
      <Part HasherIndex="0" ElementMap="1.15.70200.4" brep="1">
<![CDATA[

CASCADE Topology V1, (c) Matra-Datavision
Locations 9
1
              1               0               0               0 
              0               1               0               0 
              0               0               1               0 
1
              1               0              -0               0 
             -0           1e-15              -1           1.225 
              0               1           1e-15          -2e-15 
1
              1               0               0               0 
              0              -0              -1               0 
              0               1              -0               0 
2  1 1 2 1 3 -1 0
1
              1               0               0              -0 
              0               1               0           8e-15 
              0               0               1               5 
2  1 1 2 1 3 -1 5 1 0
2  3 -1 0
2  1 1 2 1 0
2  3 -1 5 1 0
Curve2ds 0
Curves 12
1 -4.4000000000000004 -1.77e-15 -1.2250000000000023 -0 1.6099999999999999e-15 1 
1 4.4000000000000004 -1.77e-15 -1.2250000000000023 -0 1.6099999999999999e-15 1 
1 -4.4000000000000004 0 0 1 -0 0 
1 5.4000000000000004 0.57735026918958632 -1.2250000000000032 -0 1.6099999999999999e-15 1 
1 4.4000000000000004 -0 0 0.86602540378445281 0.49999999999997552 0 
1 5.4000000000000004 0.97735026918958634 -1.2250000000000039 -0 1.6099999999999999e-15 1 
1 5.4000000000000004 0.57735026918958809 0 0 1 0 
1 -5.4000000000000004 0.97735026918958634 -1.2250000000000039 -0 1.6099999999999999e-15 1 
1 5.4000000000000004 0.97735026918958812 0 -1 0 0 
1 -5.4000000000000004 0.57735026918958632 -1.2250000000000032 -0 1.6099999999999999e-15 1 
1 -5.4000000000000004 0.97735026918958812 0 0 -1 0 
1 -5.4000000000000004 0.57735026918958809 0 0.86602540378445281 -0.49999999999997552 0 
Polygon3D 0
PolygonOnTriangulations 0
Surfaces 7
1 -4.4000000000000004 -1.77e-15 -1.2250000000000023 0 1 -1.6099999999999999e-15 1 -0 0 0 -1.6099999999999999e-15 -1 
1 4.4000000000000004 -1.77e-15 -1.2250000000000023 -0.49999999999997552 0.86602540378445281 -1.3899999999999999e-15 0.86602540378445281 0.49999999999997552 -8.3000000000000017e-16 -2.3801085141130089e-17 -1.6187753112603691e-15 -1 
1 5.4000000000000004 0.57735026918958632 -1.2250000000000032 -1 -0 -0 0 1 -1.6699999999999999e-15 0 -1.6699999999999999e-15 -1 
1 5.4000000000000004 0.97735026918958634 -1.2250000000000039 -0 -1 1.6099999999999999e-15 -1 0 0 -0 -1.6099999999999999e-15 -1 
1 -5.4000000000000004 0.97735026918958634 -1.2250000000000039 1 0 0 0 -1 1.6699999999999999e-15 0 -1.6699999999999999e-15 -1 
1 -5.4000000000000004 0.57735026918958632 -1.2250000000000032 0.49999999999997552 0.86602540378445281 -1.3899999999999999e-15 0.86602540378445281 -0.49999999999997552 8.3000000000000017e-16 2.3801085141130089e-17 -1.6187753112603691e-15 -1 
1 0 1.2250000000000032 0.5215430274551478 -0 1 -1.36e-15 0 1.36e-15 1 1 0 -0 
Triangulations 0

TShapes 34
Ve
1e-07
-4.4 0 0
0 0

0101101
*
Ed
 1e-07 1 1 0
1  1 0 0 5
0

0101000
+34 4 -34 6 *
Ve
1e-07
4.4 -0 0
0 0

0101101
*
Ed
 1e-07 1 1 0
1  2 0 0 5
0

0101000
+32 4 -32 6 *
Ed
 1e-07 1 1 0
1  3 0 0 8.8
0

0101000
+34 0 -32 0 *
Wi

0101100
+33 0 -31 0 -30 4 +30 6 *
Fa
0  1e-07 1 0

0111000
+29 0 *
Ve
1e-07
5.4 0.577350269189588 0
0 0

0101101
*
Ed
 1e-07 1 1 0
1  4 0 0 5
0

0101000
+27 4 -27 6 *
Ed
 1e-07 1 1 0
1  5 0 0 1.15470053837923
0

0101000
+32 0 -27 0 *
Wi

0101100
+31 0 -26 0 -25 4 +25 6 *
Fa
0  1e-07 2 0

0111000
+24 0 *
Ve
1e-07
5.4 0.977350269189588 0
0 0

0101101
*
Ed
 1e-07 1 1 0
1  6 0 0 5
0

0101000
+22 4 -22 6 *
Ed
 1e-07 1 1 0
1  7 0 0 0.4
0

0101000
+27 0 -22 0 *
Wi

0101100
+26 0 -21 0 -20 4 +20 6 *
Fa
0  1e-07 3 0

0111000
+19 0 *
Ve
1e-07
-5.4 0.977350269189588 0
0 0

0101101
*
Ed
 1e-07 1 1 0
1  8 0 0 5
0

0101000
+17 4 -17 6 *
Ed
 1e-07 1 1 0
1  9 0 0 10.8
0

0101000
+22 0 -17 0 *
Wi

0101100
+21 0 -16 0 -15 4 +15 6 *
Fa
0  1e-07 4 0

0111000
+14 0 *
Ve
1e-07
-5.4 0.577350269189588 0
0 0

0101101
*
Ed
 1e-07 1 1 0
1  10 0 0 5
0

0101000
+12 4 -12 6 *
Ed
 1e-07 1 1 0
1  11 0 0 0.4
0

0101000
+17 0 -12 0 *
Wi

0101100
+16 0 -11 0 -10 4 +10 6 *
Fa
0  1e-07 5 0

0111000
+9 0 *
Ed
 1e-07 1 1 0
1  12 0 0 1.15470053837923
0

0101000
+12 0 -34 0 *
Wi

0101100
+11 0 -33 0 -7 4 +7 6 *
Fa
0  1e-07 6 0

0111000
+6 0 *
Wi

0101100
+30 0 +25 0 +20 0 +15 0 +10 0 +7 0 *
Fa
0  1e-07 7 0

0111000
-4 8 *
Sh

0101100
-28 0 -23 0 -18 0 -13 0 -8 0 -5 0 +3 7 -3 9 *
So

1100000
+2 0 *

+1 0 ]]>
      </Part>
      <ElementMap new="1" count="1"><Element key="Dummy" value="Dummy"/></ElementMap>
      <ElementMap2 count="44">
<![CDATA[
78 PostfixCount 11
Edge
Face
Vertex
;:G;XTR;:H441:7,F
;FAC;:H441:4,F
;:G;XTR;:H441:7,E
;:U;XTR;:H441:7,E
;:U;XTR;:H441:7,V
;:L#4109;XTR;:H441:c,F
;:H441,V
;:H441,E

MapCount 1

ElementMap 1 78 3

Edge

ChildCount 0

NameCount 19
0
$#40f0.6 0
$#40f1.6 0
$#be.b 0
$#40fc.7 0
$#40f2.6 0
$#bf.b 0
$#40fd.7 0
$#40f3.6 0
$#c0.b 0
$#40fe.7 0
$#40f4.6 0
$#c1.b 0
$#40ff.7 0
$#40f5.6 0
$#c2.b 0
$#4100.7 0
$#c3.b 0
$#4101.7 0

Face

ChildCount 0

NameCount 9
0
$#40ee.4 0
$#40f6.4 0
$#40f7.4 0
$#40f8.4 0
$#40f9.4 0
$#40fa.4 0
$#40ee.5 0
$#410b.9 0

Vertex

ChildCount 0

NameCount 13
0
$#ad.a $#b9.a 0
$#4103.8 0
$#af.a $#b0.a 0
$#4104.8 0
$#b1.a $#b2.a 0
$#4105.8 0
$#b3.a $#b4.a 0
$#4106.8 0
$#b5.a $#b6.a 0
$#4107.8 0
$#b7.a $#b8.a 0
$#4108.8 0

EndMap
]]>
      </ElementMap2>
    </Property>
    <Property name="AllowMultiFace" type="App::PropertyBool">
      <Bool value="true"/>
    </Property>
    <Property name="BaseFeature" type="App::PropertyLink" status="8">
      <Link value="Pocket004"/>
    </Property>
    <Property name="ClaimChildren" type="App::PropertyBool" status="134217728">
      <Bool value="false"/>
    </Property>
    <Property name="ColoredElements" type="App::PropertyLinkSubHidden" status="218103808">
      <LinkSub value="" count="0">
      </LinkSub>
    </Property>
    <Property name="Direction" type="App::PropertyVector">
      <PropertyVector valueX="1" valueY="1" valueZ="1"/>
    </Property>
    <Property name="ExpressionEngine" type="App::PropertyExpressionEngine" status="67108864">
      <ExpressionEngine count="0"></ExpressionEngine>
    </Property>
    <Property name="Fit" type="App::PropertyDistance">
      <Float value="0"/>
    </Property>
    <Property name="FitJoin" type="App::PropertyEnumeration">
      <Integer value="0"/>
    </Property>
    <Property name="InnerFit" type="App::PropertyDistance">
      <Float value="0"/>
    </Property>
    <Property name="InnerFitJoin" type="App::PropertyEnumeration">
      <Integer value="0"/>
    </Property>
    <Property name="InnerTaperAngle" type="App::PropertyAngle">
      <Float value="0"/>
    </Property>
    <Property name="InnerTaperAngleRev" type="App::PropertyAngle">
      <Float value="0"/>
    </Property>
    <Property name="Label" type="App::PropertyString" status="134217728">
      <String value="Pad013"/>
    </Property>
    <Property name="Label2" type="App::PropertyString" status="128">
      <String value=""/>
    </Property>
    <Property name="Length" type="App::PropertyLength">
      <Float value="5"/>
    </Property>
    <Property name="Length2" type="App::PropertyLength">
      <Float value="100"/>
    </Property>
    <Property name="Midplane" type="App::PropertyBool">
      <Bool value="false"/>
    </Property>
    <Property name="NewSolid" type="App::PropertyBool">
      <Bool value="false"/>
    </Property>
    <Property name="Offset" type="App::PropertyLength">
      <Float value="0"/>
    </Property>
    <Property name="Placement" type="App::PropertyPlacement" status="8388620">
      <PropertyPlacement Px="0" Py="0" Pz="0" Q0="0.7071067811865477" Q1="0" Q2="0" Q3="0.7071067811865474" A="1.570796326794897" Ox="1" Oy="0" Oz="0"/>
    </Property>
    <Property name="Profile" type="App::PropertyLinkSub">
      <LinkSub value="Sketch016" count="0">
      </LinkSub>
    </Property>
    <Property name="Refine" type="App::PropertyBool">
      <Bool value="true"/>
    </Property>
    <Property name="Reversed" type="App::PropertyBool">
      <Bool value="false"/>
    </Property>
    <Property name="Shape" type="Part::PropertyPartShape">
      <Part HasherIndex="0" ElementMap="1.15.70200.4" brep="1">
<![CDATA[

CASCADE Topology V1, (c) Matra-Datavision
Locations 39
1
              1               0               0               0 
              0               0              -1               0 
              0               1               0               0 
1
              1               0               0               0 
              0               0              -1               0 
              0               1               0               0 
1
              1               0               0               0 
              0              -0              -1               0 
              0               1              -0               0 
1
              1               0               0               0 
              0               0              -1               0 
              0               1               0               0 
1
              1               0               0               0 
              0              -0              -1               0 
              0               1              -0               0 
2  2 1 3 -1 4 1 5 -1 0
1
              1               0               0               0 
              0               1               0               0 
              0               0               1               0 
1
              1               0               0               0 
              0               0              -1               0 
              0               1               0               0 
1
              1               0               0               0 
              0              -0              -1               0 
              0               1              -0               0 
1
              1               0               0              -0 
              0               1               0          -3e-15 
              0               0               1          -5.775 
2  7 1 8 1 9 -1 10 1 0
1
              1               0               0               0 
              0               1               0           5e-15 
              0               0               1           11.55 
2  7 1 8 1 9 -1 10 1 12 1 0
2  10 -1 9 1 8 -1 7 -1 0
2  12 -1 10 -1 9 1 8 -1 7 -1 0
1
              1               0               0               0 
              0              -0              -1               0 
              0               1              -0               0 
1
              1               0               0               0 
              0               0              -1               0 
              0               1               0               0 
1
              1               0               0               0 
              0               1               0               0 
              0               0               1               0 
2  16 1 17 -1 18 -1 12 -1 10 -1 9 1 8 -1 7 -1 0
1
              1               0               0              -0 
              0               1               0          -4e-15 
              0               0               1              -5 
2  20 -1 16 1 17 -1 18 -1 12 -1 10 -1 9 1 8 -1 7 -1 0
2  9 -1 10 1 2 1 3 -1 4 1 5 -1 0
2  7 1 8 1 0
2  4 1 5 -1 0
2  9 -1 10 1 12 1 2 1 3 -1 0
2  7 1 8 1 9 -1 10 1 12 1 2 1 3 -1 0
2  3 -1 0
1
              1               0               0               0 
              0               1               0          -7e-15 
              0               0               1              -7 
2  28 -1 3 1 0
2  3 -1 28 1 0
2  3 -1 28 1 4 1 5 -1 0
1
              1               0               0               0 
              0               1               0               0 
              0               0               1               0 
1
              1               0              -0               0 
             -0           1e-15              -1           1.225 
              0               1           1e-15          -2e-15 
2  32 1 33 1 5 -1 0
2  5 1 33 -1 32 -1 0
1
              1               0               0              -0 
              0               1               0           8e-15 
              0               0               1               5 
2  32 1 33 1 5 -1 36 1 0
2  5 -1 36 1 0
2  32 1 33 1 0
Curve2ds 48
1 1.5707963267948959 0 0 -1 
1 1.5707963267948961 0 0 -1 
1 3.1415926535897931 0 0 -1 
1 0 0 1 0 
1 0 -11.550000000000001 1 0 
1 0 0 1 0 
1 0 -5 1 0 
1 0 0 0 -1 
1 0 0 1 0 
1 0 -11.550000000000001 1 0 
1 0 0 1 0 
1 0 -5 1 0 
1 0 0 1 0 
1 0 -11.550000000000001 1 0 
1 0 0 1 0 
1 0 -5 1 0 
1 0 0 1 0 
1 0 -11.550000000000001 1 0 
1 0 0 1 0 
1 0 -5 1 0 
1 0 0 1 0 
1 0 -7 1 0 
1 0 0 1 0 
1 0 -7 1 0 
1 0 0 1 0 
1 0 -7 1 0 
1 0 0 1 0 
1 0 -7 1 0 
1 0 0 1 0 
1 0 -7 1 0 
1 0 0 1 0 
1 0 -7 1 0 
1 3.1415926535897931 0 0 -1 
1 6.2831853071795862 0 0 -1 
1 5.0265482457436681 0 0 -1 
1 4.3982297150257113 0 0 -1 
1 1.5707963267948966 0 0 -1 
1 7.8539816339744828 0 0 -1 
1 6.2831853071795862 0 0 -1 
1 6.2831853071795862 0 0 -1 
1 5.0265482457436494 0 0 -1 
1 1.5707963267948966 0 0 -1 
1 2.1293016874331023 0 0 -1 
1 1.5707963267948966 0 0 -1 
1 2.1293016874331023 0 0 -1 
1 4.3982297150257299 0 0 -1 
1 3.1415926535897931 0 0 -1 
1 3.1415926535897931 0 0 -1 
Curves 64
1 -6.6999999999999993 3.3999999999999968 -5.7750000000000021 0 4.4e-16 1 
1 6.6999999999999993 3.3999999999999968 -5.7750000000000021 0 4.4e-16 1 
1 -6.6999999999999993 3.3999999999999995 0 1 0 0 
1 -7.5 2.599999999999997 -5.7750000000000012 0 4.4e-16 1 
2 -6.7000000000000002 2.5999999999999996 0 0 0 1 1 0 -0 -0 1 0 0.80000000000000027
1 7.5 2.599999999999997 -5.7750000000000012 0 4.4e-16 1 
2 6.7000000000000002 2.5999999999999996 0 0 0 1 1 0 -0 -0 1 0 0.80000000000000004
1 7.5 2.5999999999999996 0 0 -1 0 
2 6.7000000000000002 0.14999999999999955 0 0 0 1 1 0 -0 -0 1 0 0.80000000000000004
1 6.9472135954999574 -0.6108452130361236 0 -0.95105651629515975 -0.30901699437492852 0 
1 6.320688381404886 -0.81441559528213703 0 -0.64278760968653936 -0.76604444311897801 0 
1 5.2000000000000002 -2.1499999999999999 0 -1 0 0 
1 -5.2000000000000002 -2.1499999999999999 0 -0.64278760968653936 0.76604444311897801 0 
1 -6.320688381404886 -0.81441559528213703 0 -0.95105651629515975 0.30901699437492841 0 
2 -6.7000000000000011 0.14999999999999861 0 0 0 1 1 0 -0 -0 1 0 0.79999999999999893
1 -7.5 0.14999999999999872 0 0 1 0 
1 -6.6999999999999984 -5.774999999999995 2.900000000000003 1 -0 0 
2 6.6999999999999993 -5.774999999999995 2.6000000000000032 -0 -1 7.7999999999999995e-16 1 0 0 -0 7.7999999999999995e-16 1 0.29999999999999982
1 6.9999999999999991 -5.774999999999995 2.6000000000000032 -0 -7.7999999999999995e-16 -1 
2 6.6999999999999993 -5.7749999999999977 0.15000000000000335 -0 -1 7.7999999999999995e-16 1 0 0 -0 7.7999999999999995e-16 1 0.29999999999999982
1 6.7927050983124921 -5.7749999999999977 -0.13531695488853956 -0.95105651629515975 -2.4e-16 -0.30901699437492852 
2 6.3206883814048851 -5.7749999999999977 -0.81441559528213303 0 -1 7.7999999999999995e-16 0.95105651629515975 2.4103325561244424e-16 0.30901699437492852 -0.30901699437492852 7.4182408271022457e-16 0.95105651629515975 0.5
1 5.9376661598453957 -5.7749999999999977 -0.49302179043886341 -0.64278760968653936 -5.9999999999999999e-16 -0.76604444311897801 
1 5.1999999999999993 -5.7749999999999986 -1.6499999999999957 -1 0 -0 
1 -4.8169777784405099 -5.7749999999999986 -1.8286061951567258 -0.64278760968653936 5.9999999999999999e-16 0.76604444311897801 
2 -6.3206883814048851 -5.7749999999999977 -0.81441559528213281 0 -1 7.7999999999999995e-16 0.64278760968653936 -5.9751466563280279e-16 -0.76604444311897801 0.76604444311897801 5.0137433555550067e-16 0.64278760968653936 0.5
1 -6.1661798842174207 -5.7749999999999977 -0.3388873371345531 -0.95105651629515975 2.4e-16 0.30901699437492841 
2 -6.7000000000000002 -5.7749999999999977 0.15000000000000246 -0 -1 7.7999999999999995e-16 1 0 0 -0 7.7999999999999995e-16 1 0.29999999999999893
1 -6.9999999999999991 -5.7749999999999977 0.15000000000000258 0 7.7999999999999995e-16 1 
2 -6.6999999999999993 -5.774999999999995 2.6000000000000032 -0 -1 7.7999999999999995e-16 1 0 0 -0 7.7999999999999995e-16 1 0.29999999999999982
1 -7.5 0.14999999999999616 -5.7750000000000004 0 4.4e-16 1 
1 7.5 0.14999999999999686 -5.7750000000000004 0 4.4e-16 1 
1 6.9472135954999574 -0.61084521303612616 -5.7750000000000004 0 4.4e-16 1 
1 6.320688381404886 -0.81441559528213958 -5.7750000000000004 0 4.4e-16 1 
1 5.2000000000000002 -2.1500000000000026 -5.7749999999999995 0 4.4e-16 1 
1 -5.2000000000000002 -2.1500000000000026 -5.7749999999999995 0 4.4e-16 1 
1 -6.320688381404886 -0.81441559528213958 -5.7750000000000004 0 4.4e-16 1 
1 -6.9472135954999583 -0.61084521303612593 -5.7750000000000004 0 4.4e-16 1 
1 -6.6999999999999993 2.9000000000000044 5.7749999999999941 0 -1.0000000000000001e-15 -1 
1 6.7000000000000002 2.9000000000000044 5.7749999999999941 0 -1.0000000000000001e-15 -1 
1 6.9999999999999991 2.6000000000000045 5.7749999999999941 0 -1.0000000000000001e-15 -1 
1 6.9999999999999991 0.15000000000000474 5.7749999999999968 0 -1.0000000000000001e-15 -1 
1 6.7927050983124779 -0.13531695488854312 5.7749999999999977 0 -1.0000000000000001e-15 -1 
1 6.1661798842174207 -0.33888733713455171 5.7749999999999977 0 -1.0000000000000001e-15 -1 
1 5.9376661598453957 -0.49302179043886224 5.7749999999999977 0 -1.0000000000000001e-15 -1 
1 4.9668461709224996 -1.6499999999999941 5.7749999999999986 0 -1.0000000000000001e-15 -1 
1 -4.9668461709224996 -1.6499999999999944 5.7749999999999986 0 -1.0000000000000001e-15 -1 
1 -5.9376661598453957 -0.49302179043886168 5.7749999999999977 0 -1.0000000000000001e-15 -1 
1 -6.1661798842174207 -0.3388873371345516 5.7749999999999977 0 -1.0000000000000001e-15 -1 
1 -6.7927050983124779 -0.13531695488854298 5.7749999999999977 0 -1.0000000000000001e-15 -1 
1 -6.9999999999999991 0.15000000000000377 5.7749999999999977 0 -1.0000000000000001e-15 -1 
1 -6.9999999999999991 2.6000000000000045 5.774999999999995 0 -1.0000000000000001e-15 -1 
1 -5.4000000000000004 0.57735026918958809 0 0.86602540378445281 -0.49999999999997552 0 
1 -5.4000000000000004 0.97735026918958812 0 0 -1 0 
1 5.4000000000000004 0.97735026918958812 0 -1 0 0 
1 5.4000000000000004 0.57735026918958809 0 0 1 0 
1 4.4000000000000004 -0 0 0.86602540378445281 0.49999999999997552 0 
1 -4.4000000000000004 0 0 1 -0 0 
1 -5.4000000000000004 0.57735026918958632 -1.2250000000000032 -0 1.6099999999999999e-15 1 
1 -4.4000000000000004 -1.77e-15 -1.2250000000000023 -0 1.6099999999999999e-15 1 
1 -5.4000000000000004 0.97735026918958634 -1.2250000000000039 -0 1.6099999999999999e-15 1 
1 5.4000000000000004 0.97735026918958634 -1.2250000000000039 -0 1.6099999999999999e-15 1 
1 5.4000000000000004 0.57735026918958632 -1.2250000000000032 -0 1.6099999999999999e-15 1 
1 4.4000000000000004 -1.77e-15 -1.2250000000000023 -0 1.6099999999999999e-15 1 
Polygon3D 0
PolygonOnTriangulations 0
Surfaces 39
1 -6.6999999999999993 3.3999999999999968 -5.7750000000000021 0 1 -4.4e-16 1 0 0 0 -4.4e-16 -1 
2 -6.7000000000000002 2.599999999999997 -5.7750000000000012 0 -4.4e-16 -1 1 0 0 -0 1 -4.4e-16 0.80000000000000027
2 6.7000000000000002 2.599999999999997 -5.7750000000000012 0 -4.4e-16 -1 1 0 0 -0 1 -4.4e-16 0.80000000000000004
1 -7.5 0.14999999999999616 -5.7750000000000004 -1 0 0 0 1 -4.4e-16 -0 -4.4e-16 -1 
2 -6.6999999999999993 2.6000000000000045 5.7749999999999968 -0 8.9000000000000007e-16 1 1 0 0 0 1 -8.9000000000000007e-16 0.80000000000000016
1 7.5 2.599999999999997 -5.7750000000000012 1 0 -0 0 -1 4.4e-16 0 -4.4e-16 -1 
2 6.6999999999999993 2.6000000000000045 5.7749999999999968 -0 8.9000000000000007e-16 1 1 0 0 0 1 -8.9000000000000007e-16 0.79999999999999993
1 -6.4000000000000005e-16 1.7999999999999999e-16 0.81508117178311079 -0 1 -2.2e-16 0 2.2e-16 1 1 0 -0 
2 6.7000000000000002 0.149999999999997 -5.7750000000000004 0 -4.4e-16 -1 1 0 0 -0 1 -4.4e-16 0.80000000000000004
2 6.6999999999999993 0.15000000000000466 5.7749999999999995 -0 8.9000000000000007e-16 1 1 0 0 0 1 -8.9000000000000007e-16 0.79999999999999993
2 -6.7000000000000011 0.14999999999999605 -5.7750000000000004 0 -4.4e-16 -1 1 0 0 -0 1 -4.4e-16 0.79999999999999893
2 -6.7000000000000002 0.15000000000000371 5.7749999999999995 -0 8.9000000000000007e-16 1 1 0 0 0 1 -8.9000000000000007e-16 0.79999999999999882
2 6.6999999999999993 2.6000000000000045 5.7749999999999941 -0 1.0000000000000001e-15 1 1 0 0 0 1 -1.0000000000000001e-15 0.29999999999999982
2 6.6999999999999993 0.15000000000000463 5.7749999999999977 -0 1.0000000000000001e-15 1 1 0 0 0 1 -1.0000000000000001e-15 0.29999999999999982
2 6.3206883814048851 -0.8144155952821317 5.7749999999999977 0 1.0000000000000001e-15 1 0.95105651629515975 0.30901699437492852 -3.0901699437492855e-16 -0.30901699437492852 0.95105651629515975 -9.5105651629515987e-16 0.5
2 -6.3206883814048851 -0.81441559528213148 5.7749999999999977 0 1.0000000000000001e-15 1 0.64278760968653936 -0.76604444311897801 7.6604444311897804e-16 0.76604444311897801 0.64278760968653936 -6.4278760968653939e-16 0.5
2 -6.7000000000000002 0.15000000000000374 5.7749999999999977 -0 1.0000000000000001e-15 1 1 0 0 0 1 -1.0000000000000001e-15 0.29999999999999893
2 -6.6999999999999993 2.6000000000000045 5.7749999999999941 -0 1.0000000000000001e-15 1 1 0 0 0 1 -1.0000000000000001e-15 0.29999999999999982
1 6.9472135954999574 -0.61084521303612616 -5.7750000000000004 0.30901699437492852 -0.95105651629515975 4.2000000000000002e-16 -0.95105651629515975 -0.30901699437492852 1.4000000000000001e-16 -3.3607746438523783e-18 -4.4270611605645708e-16 -1 
1 6.320688381404886 -0.81441559528213958 -5.7750000000000004 0.76604444311897801 -0.64278760968653936 2.8999999999999998e-16 -0.64278760968653936 -0.76604444311897801 3.4000000000000005e-16 3.6051012110802091e-18 -4.4686351746954897e-16 -1 
1 5.2000000000000002 -2.1500000000000026 -5.7749999999999995 0 -1 4.4e-16 -1 0 0 -0 -4.4e-16 -1 
1 -5.2000000000000002 -2.1500000000000026 -5.7749999999999995 -0.76604444311897801 -0.64278760968653936 2.8999999999999998e-16 -0.64278760968653936 0.76604444311897801 -3.4000000000000005e-16 -3.6051012110802091e-18 -4.4686351746954897e-16 -1 
1 -6.320688381404886 -0.81441559528213958 -5.7750000000000004 -0.30901699437492841 -0.95105651629515975 4.2000000000000002e-16 -0.95105651629515975 0.30901699437492841 -1.4000000000000001e-16 3.3607746438524276e-18 -4.4270611605645708e-16 -1 
1 -6.6999999999999993 2.9000000000000044 5.7749999999999941 0 -1 1.0000000000000001e-15 1 0 0 -0 1.0000000000000001e-15 1 
1 6.9999999999999991 2.6000000000000045 5.7749999999999941 -1 -0 -0 0 -1 1.0000000000000001e-15 -0 1.0000000000000001e-15 1 
1 6.7927050983124779 -0.13531695488854298 5.7749999999999977 -0.30901699437492852 0.95105651629515975 -9.5000000000000005e-16 -0.95105651629515975 -0.30901699437492852 3.0999999999999996e-16 1.2613753953173726e-18 9.9929895873662967e-16 1 
1 5.9376661598453957 -0.49302179043886191 5.7749999999999977 -0.76604444311897801 0.64278760968653936 -6.4000000000000005e-16 -0.64278760968653936 -0.76604444311897801 7.7000000000000019e-16 4.6780158624895056e-18 1.0012382914009984e-15 1 
1 4.9668461709224996 -1.6499999999999944 5.7749999999999986 -0 1 -1.0000000000000001e-15 -1 -0 0 0 1.0000000000000001e-15 1 
1 -4.9668461709224996 -1.6499999999999939 5.7749999999999986 0.76604444311897801 0.64278760968653936 -6.4000000000000005e-16 -0.64278760968653936 0.76604444311897801 -7.7000000000000019e-16 -4.6780158624895056e-18 1.0012382914009984e-15 1 
1 -6.1661798842174207 -0.33888733713455177 5.7749999999999977 0.30901699437492841 0.95105651629515975 -9.5000000000000005e-16 -0.95105651629515975 0.30901699437492841 -3.1000000000000001e-16 -1.2613753953175205e-18 9.9929895873662967e-16 1 
1 -6.9999999999999991 0.15000000000000374 5.7749999999999977 1 0 0 0 1 -1.0000000000000001e-15 -0 1.0000000000000001e-15 1 
1 -4.8000000000000001e-16 -5.7749999999999968 0.81508117178311434 0 1 -7.7999999999999995e-16 0 7.7999999999999995e-16 1 1 -0 0 
1 -5.4000000000000004 0.57735026918958632 -1.2250000000000032 0.49999999999997552 0.86602540378445281 -1.3899999999999999e-15 0.86602540378445281 -0.49999999999997552 8.3000000000000017e-16 2.3801085141130089e-17 -1.6187753112603691e-15 -1 
1 -5.4000000000000004 0.97735026918958634 -1.2250000000000039 1 0 0 0 -1 1.6699999999999999e-15 0 -1.6699999999999999e-15 -1 
1 5.4000000000000004 0.97735026918958634 -1.2250000000000039 -0 -1 1.6099999999999999e-15 -1 0 0 -0 -1.6099999999999999e-15 -1 
1 5.4000000000000004 0.57735026918958632 -1.2250000000000032 -1 -0 -0 0 1 -1.6699999999999999e-15 0 -1.6699999999999999e-15 -1 
1 4.4000000000000004 -1.77e-15 -1.2250000000000023 -0.49999999999997552 0.86602540378445281 -1.3899999999999999e-15 0.86602540378445281 0.49999999999997552 -8.3000000000000017e-16 -2.3801085141130089e-17 -1.6187753112603691e-15 -1 
1 -4.4000000000000004 -1.77e-15 -1.2250000000000023 0 1 -1.6099999999999999e-15 1 -0 0 0 -1.6099999999999999e-15 -1 
1 0 1.2250000000000032 0.5215430274551478 -0 1 -1.36e-15 0 1.36e-15 1 1 0 -0 
Triangulations 0

TShapes 212
Ve
1e-07
-6.7 3.4 0
0 0

0101101
*
Ed
 1e-07 1 1 0
1  1 0 0 11.55
2  1 2 0 0 11.55
4 G1 1 0 2 0
0

0101000
+212 11 -212 13 *
Ve
1e-07
6.7 3.4 0
0 0

0101101
*
Ed
 1e-07 1 1 0
1  2 0 0 11.55
2  2 3 0 0 11.55
4 G1 1 0 3 0
0

0101000
+210 11 -210 13 *
Ed
 1e-07 1 1 0
1  3 0 0 13.4
0

0101000
+212 0 -210 0 *
Wi

0101100
+211 0 -209 0 -208 11 +208 13 *
Fa
0  1e-07 1 0

0101000
+207 0 *
Ve
1e-07
-7.5 2.6 0
0 0

0101101
*
Ed
 1e-07 1 1 0
1  4 0 0 11.55
2  3 2 0 0 11.55
4 G1 4 0 2 0
0

0101000
+205 11 -205 13 *
Ed
 1e-07 1 1 0
1  5 0 1.5707963267949 3.14159265358979
2  4 2 14 1.5707963267949 3.14159265358979
2  5 2 15 1.5707963267949 3.14159265358979
2  6 5 19 1.5707963267949 3.14159265358979
2  7 5 21 1.5707963267949 3.14159265358979
0

0101000
+212 0 -205 0 *
Wi

0101100
+211 0 -204 0 -203 11 +203 13 *
Fa
0  1e-07 2 0

0101000
+202 0 *
Ve
1e-07
7.5 2.6 0
0 0

0101101
*
Ed
 1e-07 1 1 0
1  6 0 0 11.55
2  8 3 0 0 11.55
4 G1 3 0 6 0
0

0101000
+200 11 -200 13 *
Ed
 1e-07 1 1 0
1  7 0 0 1.5707963267949
2  9 3 14 0 1.5707963267949
2  10 3 15 0 1.5707963267949
2  11 7 19 0 1.5707963267949
2  12 7 21 0 1.5707963267949
0

0101000
+200 0 -210 0 *
Wi

0101100
+199 0 -209 0 -198 11 +198 13 *
Fa
0  1e-07 3 0

0101000
+197 0 *
Ve
1e-07
7.5 0.149999999999999 0
0 0

0101101
*
Ed
 1e-07 1 1 0
1  8 0 0 2.45
0

0101000
+200 0 -195 0 *
Ve
1e-07
6.94721359549996 -0.610845213036124 0
0 0

0101101
*
Ed
 1e-07 1 1 0
1  9 0 5.02654824574367 6.28318530717959
2  13 9 14 5.02654824574367 6.28318530717959
2  14 9 15 5.02654824574367 6.28318530717959
2  15 10 19 5.02654824574367 6.28318530717959
2  16 10 21 5.02654824574367 6.28318530717959
0

0101000
+193 0 -195 0 *
Ve
1e-07
6.32068838140489 -0.814415595282137 0
0 0

0101101
*
Ed
 1e-07 1 1 0
1  10 0 0 0.658767595153756
0

0101000
+193 0 -191 0 *
Ve
1e-07
5.2 -2.15 0
0 0

0101101
*
Ed
 1e-07 1 1 0
1  11 0 0 1.74348161743721
0

0101000
+191 0 -189 0 *
Ve
1e-07
-5.2 -2.15 0
0 0

0101101
*
Ed
 1e-07 1 1 0
1  12 0 0 10.4
0

0101000
+189 0 -187 0 *
Ve
1e-07
-6.32068838140489 -0.814415595282137 0
0 0

0101101
*
Ed
 1e-07 1 1 0
1  13 0 0 1.74348161743721
0

0101000
+187 0 -185 0 *
Ve
1e-07
-6.94721359549996 -0.610845213036123 0
0 0

0101101
*
Ed
 1e-07 1 1 0
1  14 0 0 0.658767595153757
0

0101000
+185 0 -183 0 *
Ve
1e-07
-7.5 0.149999999999999 0
0 0

0101101
*
Ed
 1e-07 1 1 0
1  15 0 3.14159265358979 4.39822971502571
2  17 11 14 3.14159265358979 4.39822971502571
2  18 11 15 3.14159265358979 4.39822971502571
2  19 12 19 3.14159265358979 4.39822971502571
2  20 12 21 3.14159265358979 4.39822971502571
0

0101000
+181 0 -183 0 *
Ed
 1e-07 1 1 0
1  16 0 0 2.45
0

0101000
+181 0 -205 0 *
Wi

0101100
+208 0 -198 0 +194 0 -192 0 +190 0 +188 0 +186 0 +184 0 +182 0 -180 0 
+179 0 -203 0 *
Fa
0  1e-07 8 0

0101000
+178 23 *
Wi

0101100
+208 26 -203 26 -198 26 +179 26 +194 26 -180 26 -192 26 +182 26 +190 26 +184 26 
+188 26 +186 26 *
Ve
1.00000003e-07
-6.7 2.9 5.77499999999999
0 0

0101101
*
Ve
1.00000003e-07
6.7 2.9 5.77499999999999
0 0

0101101
*
Ed
 1.00000003e-07 1 1 0
1  17 0 -1e-15 13.4
0

0101000
+175 3 -174 3 *
Ve
1.00000004e-07
7 2.6 5.77499999999999
0 0

0101101
*
Ed
 1.00000003e-07 1 1 0
1  18 0 6.28318530717959 7.85398163397448
2  21 13 3 6.28318530717959 7.85398163397448
2  22 13 29 6.28318530717959 7.85398163397448
0

0101000
+172 3 -174 3 *
Ve
1.00000004e-07
7 0.150000000000005 5.775
0 0

0101101
*
Ed
 1.00000004e-07 1 1 0
1  19 0 0 2.45
0

0101000
+172 3 -170 3 *
Ve
1.00000002e-07
6.79270509831248 -0.135316954888543 5.775
0 0

0101101
*
Ed
 1.00000002e-07 1 1 0
1  20 0 5.02654824574365 6.28318530717959
2  23 14 3 5.02654824574365 6.28318530717959
2  24 14 29 5.02654824574365 6.28318530717959
0

0101000
+168 3 -170 3 *
Ve
1.00000003e-07
6.16617988421742 -0.338887337134552 5.775
0 0

0101101
*
Ed
 1.00000002e-07 1 1 0
1  21 0 1.5e-14 0.658767595153756
0

0101000
+168 3 -166 3 *
Ve
1.00000003e-07
5.9376661598454 -0.493021790438862 5.775
0 0

0101101
*
Ed
 1.00000003e-07 1 1 0
1  22 0 1.5707963267949 2.1293016874331
2  25 15 3 1.5707963267949 2.1293016874331
2  26 15 29 1.5707963267949 2.1293016874331
0

0101000
+166 3 -164 3 *
Ve
1.00000003e-07
4.9668461709225 -1.64999999999999 5.775
0 0

0101101
*
Ed
 1.00000003e-07 1 1 0
1  23 0 -0 1.51032778835971
0

0101000
+164 3 -162 3 *
Ve
1.00000003e-07
-4.9668461709225 -1.64999999999999 5.775
0 0

0101101
*
Ed
 1.00000002e-07 1 1 0
1  24 0 0.233153829077499 10.1668461709225
0

0101000
+162 3 -160 3 *
Ve
1.00000003e-07
-5.9376661598454 -0.493021790438862 5.775
0 0

0101101
*
Ed
 1.00000003e-07 1 1 0
1  25 0 0.2331538290775 1.74348161743721
0

0101000
+160 3 -158 3 *
Ve
1.00000003e-07
-6.16617988421742 -0.338887337134552 5.775
0 0

0101101
*
Ed
 1.00000003e-07 1 1 0
1  26 0 1.5707963267949 2.1293016874331
2  27 16 3 1.5707963267949 2.1293016874331
2  28 16 29 1.5707963267949 2.1293016874331
0

0101000
+158 3 -156 3 *
Ve
1.00000002e-07
-6.79270509831248 -0.135316954888543 5.775
0 0

0101101
*
Ed
 1.00000002e-07 1 1 0
1  27 0 0 0.658767595153742
0

0101000
+156 3 -154 3 *
Ve
1.00000002e-07
-7 0.150000000000004 5.775
0 0

0101101
*
Ed
 1.00000002e-07 1 1 0
1  28 0 3.14159265358979 4.39822971502573
2  29 17 3 3.14159265358979 4.39822971502573
2  30 17 29 3.14159265358979 4.39822971502573
0

0101000
+152 3 -154 3 *
Ve
1.00000003e-07
-7 2.6 5.775
0 0

0101101
*
Ed
 1.00000002e-07 1 1 0
1  29 0 -0 2.45
0

0101000
+152 3 -150 3 *
Ed
 1.00000003e-07 1 1 0
1  30 0 1.5707963267949 3.14159265358979
2  31 18 3 1.5707963267949 3.14159265358979
2  32 18 29 1.5707963267949 3.14159265358979
0

0101000
+175 3 -150 3 *
Wi

0101100
-173 27 +171 27 -169 27 +167 27 -165 27 -163 27 -161 27 -159 27 -157 27 -155 27 
-153 27 +151 27 -149 27 +148 27 *
Fa
0  1e-07 8 25

0101000
+176 0 +147 0 *
Ed
 1e-07 1 1 0
1  31 0 0 11.55
2  33 11 0 0 11.55
4 G1 11 0 4 0
0

0101000
+181 11 -181 13 *
Wi

0101100
+145 0 -204 0 -179 11 +179 13 *
Fa
0  1e-07 4 0

0101000
+144 0 *
Ed
 1e-07 1 1 0
1  32 0 0 11.55
2  34 9 0 0 11.55
4 G1 6 0 9 0
0

0101000
+195 11 -195 13 *
Wi

0101100
+199 0 -142 0 -194 11 +194 13 *
Fa
0  1e-07 6 0

0101000
+141 0 *
Ed
 1e-07 1 1 0
1  33 0 0 11.55
2  35 9 0 0 11.55
4 G1 9 0 19 0
0

0101000
+193 11 -193 13 *
Wi

0101100
+139 0 -142 0 -192 11 +192 13 *
Fa
0  1e-07 9 0

0101000
+138 0 *
Ed
 1e-07 1 1 0
1  34 0 0 11.55
0

0101000
+191 11 -191 13 *
Wi

0101100
+139 0 -136 0 -190 11 +190 13 *
Fa
0  1e-07 19 0

0101000
+135 0 *
Ed
 1e-07 1 1 0
1  35 0 0 11.55
0

0101000
+189 11 -189 13 *
Wi

0101100
+136 0 -133 0 -188 11 +188 13 *
Fa
0  1e-07 20 0

0101000
+132 0 *
Ed
 1e-07 1 1 0
1  36 0 0 11.55
0

0101000
+187 11 -187 13 *
Wi

0101100
+133 0 -130 0 -186 11 +186 13 *
Fa
0  1e-07 21 0

0101000
+129 0 *
Ed
 1e-07 1 1 0
1  37 0 0 11.55
0

0101000
+185 11 -185 13 *
Wi

0101100
+130 0 -127 0 -184 11 +184 13 *
Fa
0  1e-07 22 0

0101000
+126 0 *
Ed
 1e-07 1 1 0
1  38 0 0 11.55
2  36 11 0 0 11.55
4 G1 23 0 11 0
0

0101000
+183 11 -183 13 *
Wi

0101100
+127 0 -124 0 -182 11 +182 13 *
Fa
0  1e-07 23 0

0101000
+123 0 *
Wi

0101100
+145 0 -124 0 -180 11 +180 13 *
Fa
0  1e-07 11 0

0101000
+121 0 *
Ve
1e-07
-6.7 -5.775 2.9
0 0

0101101
*
Ed
 1e-07 1 1 0
1  39 0 0 7
2  37 18 0 0 7
4 G1 24 0 18 0
0

0101000
+175 0 -119 30 *
Ve
1e-07
6.7 -5.775 2.9
0 0

0101101
*
Ed
 1e-07 1 1 0
1  40 0 0 7
2  38 13 0 0 7
4 G1 24 0 13 0
0

0101000
+174 0 -117 30 *
Ed
 1e-07 1 1 0
1  17 0 -1e-15 13.4
0

0101000
+119 0 -117 0 *
Wi

0101100
+118 0 -116 0 -173 27 +115 30 *
Fa
0  1e-07 24 0

0101000
+114 0 *
Ve
1e-07
7 -5.775 2.6
0 0

0101101
*
Ed
 1e-07 1 1 0
1  41 0 0 7
2  39 13 0 0 7
4 G1 13 0 25 0
0

0101000
+172 0 -112 30 *
Ed
 1e-07 1 1 0
1  18 0 6.28318530717959 7.85398163397448
2  21 13 3 6.28318530717959 7.85398163397448
2  22 13 29 6.28318530717959 7.85398163397448
0

0101000
+112 0 -117 0 *
Wi

0101100
+111 0 -116 0 -171 27 +110 30 *
Fa
0  1e-07 13 0

0101000
+109 0 *
Ve
1e-07
7 -5.775 0.150000000000003
0 0

0101101
*
Ed
 1e-07 1 1 0
1  42 0 0 7
2  40 14 0 0 7
4 G1 25 0 14 0
0

0101000
+170 0 -107 30 *
Ed
 1e-07 1 1 0
1  19 0 0 2.45
0

0101000
+112 0 -107 0 *
Wi

0101100
+111 0 -106 0 -169 27 +105 30 *
Fa
0  1e-07 25 0

0101000
+104 0 *
Ve
1e-07
6.79270509831248 -5.775 -0.135316954888544
0 0

0101101
*
Ed
 1e-07 1 1 0
1  43 0 0 7
2  41 14 0 0 7
4 G1 14 0 26 0
0

0101000
+168 0 -102 30 *
Ed
 1e-07 1 1 0
1  20 0 5.02654824574365 6.28318530717959
2  23 14 3 5.02654824574365 6.28318530717959
2  24 14 29 5.02654824574365 6.28318530717959
0

0101000
+102 0 -107 0 *
Wi

0101100
+101 0 -106 0 -167 27 +100 30 *
Fa
0  1e-07 14 0

0101000
+99 0 *
Ve
1e-07
6.16617988421742 -5.775 -0.338887337134553
0 0

0101101
*
Ed
 1e-07 1 1 0
1  44 0 0 7
2  42 15 0 0 7
4 G1 26 0 15 0
0

0101000
+166 0 -97 30 *
Ed
 1e-07 1 1 0
1  21 0 1.5e-14 0.658767595153756
0

0101000
+102 0 -97 0 *
Wi

0101100
+101 0 -96 0 -165 27 +95 30 *
Fa
0  1e-07 26 0

0101000
+94 0 *
Ve
1e-07
5.9376661598454 -5.775 -0.493021790438864
0 0

0101101
*
Ed
 1e-07 1 1 0
1  45 0 0 7
2  43 15 0 0 7
4 G1 15 0 27 0
0

0101000
+164 0 -92 30 *
Ed
 1e-07 1 1 0
1  22 0 1.5707963267949 2.1293016874331
2  25 15 3 1.5707963267949 2.1293016874331
2  26 15 29 1.5707963267949 2.1293016874331
0

0101000
+97 0 -92 0 *
Wi

0101100
+96 0 -91 0 -163 27 +90 30 *
Fa
0  1e-07 15 0

0101000
+89 0 *
Ve
1e-07
4.9668461709225 -5.775 -1.65
0 0

0101101
*
Ed
 1e-07 1 1 0
1  46 0 0 7
0

0101000
+162 0 -87 30 *
Ed
 1e-07 1 1 0
1  23 0 -0 1.51032778835971
0

0101000
+92 0 -87 0 *
Wi

0101100
+91 0 -86 0 -161 27 +85 30 *
Fa
0  1e-07 27 0

0101000
+84 0 *
Ve
1e-07
-4.9668461709225 -5.775 -1.65
0 0

0101101
*
Ed
 1e-07 1 1 0
1  47 0 0 7
0

0101000
+160 0 -82 30 *
Ed
 1e-07 1 1 0
1  24 0 0.233153829077499 10.1668461709225
0

0101000
+87 0 -82 0 *
Wi

0101100
+86 0 -81 0 -159 27 +80 30 *
Fa
0  1e-07 28 0

0101000
+79 0 *
Ve
1e-07
-5.9376661598454 -5.775 -0.493021790438863
0 0

0101101
*
Ed
 1e-07 1 1 0
1  48 0 0 7
2  44 16 0 0 7
4 G1 29 0 16 0
0

0101000
+158 0 -77 30 *
Ed
 1e-07 1 1 0
1  25 0 0.2331538290775 1.74348161743721
0

0101000
+82 0 -77 0 *
Wi

0101100
+81 0 -76 0 -157 27 +75 30 *
Fa
0  1e-07 29 0

0101000
+74 0 *
Ve
1e-07
-6.16617988421742 -5.775 -0.338887337134553
0 0

0101101
*
Ed
 1e-07 1 1 0
1  49 0 0 7
2  45 16 0 0 7
4 G1 16 0 30 0
0

0101000
+156 0 -72 30 *
Ed
 1e-07 1 1 0
1  26 0 1.5707963267949 2.1293016874331
2  27 16 3 1.5707963267949 2.1293016874331
2  28 16 29 1.5707963267949 2.1293016874331
0

0101000
+77 0 -72 0 *
Wi

0101100
+76 0 -71 0 -155 27 +70 30 *
Fa
0  1e-07 16 0

0101000
+69 0 *
Ve
1e-07
-6.79270509831248 -5.775 -0.135316954888544
0 0

0101101
*
Ed
 1e-07 1 1 0
1  50 0 0 7
2  46 17 0 0 7
4 G1 30 0 17 0
0

0101000
+154 0 -67 30 *
Ed
 1e-07 1 1 0
1  27 0 0 0.658767595153742
0

0101000
+72 0 -67 0 *
Wi

0101100
+71 0 -66 0 -153 27 +65 30 *
Fa
0  1e-07 30 0

0101000
+64 0 *
Ve
1e-07
-7 -5.775 0.150000000000002
0 0

0101101
*
Ed
 1e-07 1 1 0
1  51 0 0 7
2  47 17 0 0 7
4 G1 17 0 31 0
0

0101000
+152 0 -62 30 *
Ed
 1e-07 1 1 0
1  28 0 3.14159265358979 4.39822971502573
2  29 17 3 3.14159265358979 4.39822971502573
2  30 17 29 3.14159265358979 4.39822971502573
0

0101000
+62 0 -67 0 *
Wi

0101100
+61 0 -66 0 -151 27 +60 30 *
Fa
0  1e-07 17 0

0101000
+59 0 *
Ve
1e-07
-7 -5.775 2.6
0 0

0101101
*
Ed
 1e-07 1 1 0
1  52 0 0 7
2  48 18 0 0 7
4 G1 31 0 18 0
0

0101000
+150 0 -57 30 *
Ed
 1e-07 1 1 0
1  29 0 -0 2.45
0

0101000
+62 0 -57 0 *
Wi

0101100
+61 0 -56 0 -149 27 +55 30 *
Fa
0  1e-07 31 0

0101000
+54 0 *
Ed
 1e-07 1 1 0
1  30 0 1.5707963267949 3.14159265358979
2  31 18 3 1.5707963267949 3.14159265358979
2  32 18 29 1.5707963267949 3.14159265358979
0

0101000
+119 0 -57 0 *
Wi

0101100
+118 0 -56 0 -148 27 +52 30 *
Fa
0  1e-07 18 0

0101000
+51 0 *
Wi

0101100
+115 31 -52 31 -110 31 +55 31 +105 31 -60 31 -100 31 +65 31 +95 31 +70 31 
+90 31 +75 31 +85 31 +80 31 *
Ve
1.00000001e-07
-5.4 0.577350269189586 -1.225
0 0

0101101
*
Ve
1.00000001e-07
-4.4 -2e-15 -1.225
0 0

0101101
*
Ed
 1.00000001e-07 1 1 0
1  53 0 0 1.15470053837923
0

0101000
+48 35 -47 35 *
Ve
1.00000001e-07
-5.4 0.977350269189586 -1.225
0 0

0101101
*
Ed
 1.00000001e-07 1 1 0
1  54 0 0 0.4
0

0101000
+45 35 -48 35 *
Ve
1.00000001e-07
5.4 0.977350269189586 -1.225
0 0

0101101
*
Ed
 1e-07 1 1 0
1  55 0 0 10.8
0

0101000
+43 35 -45 35 *
Ve
1.00000001e-07
5.4 0.577350269189586 -1.225
0 0

0101101
*
Ed
 1.00000001e-07 1 1 0
1  56 0 0 0.4
0

0101000
+41 35 -43 35 *
Ve
1.00000001e-07
4.4 -2e-15 -1.225
0 0

0101101
*
Ed
 1.00000001e-07 1 1 0
1  57 0 0 1.15470053837923
0

0101000
+39 35 -41 35 *
Ed
 1.00000001e-07 1 1 0
1  58 0 0 8.8
0

0101000
+47 35 -39 35 *
Wi

0101100
+46 34 +44 34 +42 34 +40 34 +38 34 +37 34 *
Fa
0  1e-07 32 31

0101000
+49 0 +36 0 *
Ve
1e-07
-5.4 0.577350269189588 0
0 0

0101101
*
Ed
 1e-07 1 1 0
1  59 0 0 5
0

0101000
+48 0 -34 37 *
Ve
1e-07
-4.4 0 0
0 0

0101101
*
Ed
 1e-07 1 1 0
1  60 0 0 5
0

0101000
+47 0 -32 37 *
Ed
 1e-07 1 1 0
1  53 0 0 1.15470053837923
0

0101000
+34 0 -32 0 *
Wi

0101100
+33 0 -31 0 -46 34 +30 37 *
Fa
0  1e-07 33 0

0101000
+29 0 *
Ve
1e-07
-5.4 0.977350269189588 0
0 0

0101101
*
Ed
 1e-07 1 1 0
1  61 0 0 5
0

0101000
+45 0 -27 37 *
Ed
 1e-07 1 1 0
1  54 0 0 0.4
0

0101000
+27 0 -34 0 *
Wi

0101100
+26 0 -33 0 -44 34 +25 37 *
Fa
0  1e-07 34 0

0101000
+24 0 *
Ve
1e-07
5.4 0.977350269189588 0
0 0

0101101
*
Ed
 1e-07 1 1 0
1  62 0 0 5
0

0101000
+43 0 -22 37 *
Ed
 1e-07 1 1 0
1  55 0 0 10.8
0

0101000
+22 0 -27 0 *
Wi

0101100
+21 0 -26 0 -42 34 +20 37 *
Fa
0  1e-07 35 0

0101000
+19 0 *
Ve
1e-07
5.4 0.577350269189588 0
0 0

0101101
*
Ed
 1e-07 1 1 0
1  63 0 0 5
0

0101000
+41 0 -17 37 *
Ed
 1e-07 1 1 0
1  56 0 0 0.4
0

0101000
+17 0 -22 0 *
Wi

0101100
+16 0 -21 0 -40 34 +15 37 *
Fa
0  1e-07 36 0

0101000
+14 0 *
Ve
1e-07
4.4 -0 0
0 0

0101101
*
Ed
 1e-07 1 1 0
1  64 0 0 5
0

0101000
+39 0 -12 37 *
Ed
 1e-07 1 1 0
1  57 0 0 1.15470053837923
0

0101000
+12 0 -17 0 *
Wi

0101100
+11 0 -16 0 -38 34 +10 37 *
Fa
0  1e-07 37 0

0101000
+9 0 *
Ed
 1e-07 1 1 0
1  58 0 0 8.8
0

0101000
+32 0 -12 0 *
Wi

0101100
+31 0 -11 0 -37 34 +7 37 *
Fa
0  1e-07 38 0

0101000
+6 0 *
Wi

0101100
+7 0 +10 0 +15 0 +20 0 +25 0 +30 0 *
Fa
0  1e-07 39 0

0101000
-4 39 *
Sh

0101100
+206 6 -201 6 -196 6 +177 22 -146 24 +143 6 +140 6 -137 6 +134 6 +131 6 
+128 6 +125 6 +122 6 -120 6 +113 24 -108 24 +103 24 -98 24 +93 24 +88 24 
+83 24 +78 24 +73 24 +68 24 +63 24 -58 24 +53 24 -50 24 -35 0 -28 0 
-23 0 -18 0 -13 0 -8 0 -5 0 -3 38 *
So

1100000
+2 0 *

+1 1 ]]>
