<?xml version='1.0' encoding='utf-8'?>
<!-- FreeCAD DocumentObject -->
<Document SchemaVersion="4" FileVersion="2">
<Object name="Fillet001">
  <Properties Count="17" TransientCount="2">
    <_Property name="_Body" type="App::PropertyLinkHidden" status="251658241"/>
    <_Property name="_ElementMapVersion" type="App::PropertyString" status="234881024"/>
    <Property name="AddSubShape" type="Part::PropertyPartShape" status="128">
      <Part ElementMap="0.15.70200.4" brep="1">
<![CDATA[

CASCADE Topology V1, (c) Matra-Datavision
Locations 0
Curve2ds 0
Curves 0
Polygon3D 0
PolygonOnTriangulations 0
Surfaces 0
Triangulations 0

TShapes 0

*]]>
      </Part>
      <ElementMap/>
    </Property>
    <Property name="Base" type="App::PropertyLinkSub">
      <LinkSub value="Pad013" count="6">
        <Sub value="Edge88" shadow=";#4107;:M;FUS;:H-442:7,E.Edge88"/>
        <Sub value="Edge90" shadow=";#4106;:M;FUS;:H-442:7,E.Edge90"/>
        <Sub value="Edge92" shadow=";#4105;:M;FUS;:H-442:7,E.Edge92"/>
        <Sub value="Edge94" shadow=";#4104;:M;FUS;:H-442:7,E.Edge94"/>
        <Sub value="Edge86" shadow=";#4103;:M;FUS;:H-442:7,E.Edge86"/>
        <Sub value="Edge85" shadow=";#4108;:M;FUS;:H-442:7,E.Edge85"/>
      </LinkSub>
    </Property>
    <Property name="BaseFeature" type="App::PropertyLink" status="8">
      <Link value="Pad013"/>
    </Property>
    <Property name="ColoredElements" type="App::PropertyLinkSubHidden" status="218103808">
      <LinkSub value="" count="0">
      </LinkSub>
    </Property>
    <Property name="ExpressionEngine" type="App::PropertyExpressionEngine" status="67108864">
      <ExpressionEngine count="0"></ExpressionEngine>
    </Property>
    <Property name="Label" type="App::PropertyString" status="134217728">
      <String value="Fillet001"/>
    </Property>
    <Property name="Label2" type="App::PropertyString" status="128">
      <String value=""/>
    </Property>
    <Property name="NewSolid" type="App::PropertyBool">
      <Bool value="false"/>
    </Property>
    <Property name="Placement" type="App::PropertyPlacement" status="8388620">
      <PropertyPlacement Px="0" Py="0" Pz="0" Q0="0.7071067811865477" Q1="0" Q2="0" Q3="0.7071067811865474" A="1.570796326794897" Ox="1" Oy="0" Oz="0"/>
    </Property>
    <Property name="Radius" type="App::PropertyQuantityConstraint">
      <Float value="0.1"/>
    </Property>
    <Property name="Refine" type="App::PropertyBool">
      <Bool value="true"/>
    </Property>
    <Property name="Shape" type="Part::PropertyPartShape">
      <Part HasherIndex="0" ElementMap="1.15.70200.4" brep="1">
<![CDATA[

CASCADE Topology V1, (c) Matra-Datavision
Locations 43
1
              1               0               0               0 
              0               0              -1               0 
              0               1               0               0 
1
              1               0               0               0 
              0               1               0               0 
              0               0               1               0 
1
              1               0               0               0 
              0              -0              -1               0 
              0               1              -0               0 
1
              1               0               0               0 
              0               1               0          -7e-15 
              0               0               1              -7 
1
              1               0               0               0 
              0               0              -1               0 
              0               1               0               0 
1
              1               0               0               0 
              0              -0              -1               0 
              0               1              -0               0 
2  3 -1 4 1 5 1 6 -1 0
2  2 -1 0
1
              1               0               0               0 
              0               1               0               0 
              0               0               1               0 
1
              1               0              -0               0 
             -0           1e-15              -1           1.225 
              0               1           1e-15          -2e-15 
2  9 1 10 1 6 -1 2 1 0
2  2 -1 6 1 10 -1 9 -1 0
2  3 -1 4 1 5 1 6 -1 2 1 0
2  4 -1 3 1 0
1
              1               0               0              -0 
              0               1               0           8e-15 
              0               0               1               5 
2  9 1 10 1 6 -1 15 1 2 1 0
2  2 -1 15 -1 6 1 10 -1 9 -1 0
2  6 -1 15 1 2 1 0
2  5 1 6 -1 2 1 0
2  3 -1 4 1 0
2  3 -1 0
2  2 -1 15 -1 6 1 0
1
              1               0               0               0 
              0              -0              -1               0 
              0               1              -0               0 
1
              1               0               0              -0 
              0               1               0          -3e-15 
              0               0               1          -5.775 
1
              1               0               0               0 
              0               1               0           5e-15 
              0               0               1           11.55 
1
              1               0               0               0 
              0               0              -1               0 
              0               1               0               0 
2  23 -1 24 1 25 1 26 1 3 -1 0
1
              1               0               0               0 
              0               1               0               0 
              0               0               1               0 
1
              1               0               0               0 
              0               0              -1               0 
              0               1               0               0 
2  28 1 29 1 23 -1 24 1 25 1 26 1 3 -1 0
2  24 -1 23 1 29 -1 28 -1 0
2  25 -1 24 -1 23 1 29 -1 28 -1 0
1
              1               0               0               0 
              0              -0              -1               0 
              0               1              -0               0 
1
              1               0               0               0 
              0               0              -1               0 
              0               1               0               0 
1
              1               0               0               0 
              0               1               0               0 
              0               0               1               0 
2  33 1 34 -1 35 -1 25 -1 24 -1 23 1 29 -1 28 -1 0
1
              1               0               0              -0 
              0               1               0          -4e-15 
              0               0               1              -5 
2  37 -1 33 1 34 -1 35 -1 25 -1 24 -1 23 1 29 -1 28 -1 0
2  26 1 3 -1 5 1 6 -1 2 1 0
2  28 1 29 1 23 -1 24 1 0
2  28 1 29 1 23 -1 24 1 25 1 0
2  23 -1 24 1 26 1 3 -1 5 1 6 -1 2 1 0
2  28 1 29 1 0
Curve2ds 96
1 -0.52359877559826806 -2.2e-16 1 0 
2 -0.1799958756745571 -5.2999999999999998 -1 0 -0 -1 0.10000000000000001
1 -5.7595865315813155 -6.7000000000000004e-16 1 0 
2 -0.71508117178310981 -4.3732050807568887 -1 0 0 1 0.10000000000000001
1 -1.5707963267948966 -6.7000000000000004e-16 1 0 
2 0.062269097406478353 -5.2999999999999998 -1 0 -0 -1 0.10000000000000001
1 -5.7595865315813155 -6.7000000000000004e-16 1 0 
2 -0.71508117178310981 4.3732050807568905 -1 0 -0 -1 0.10000000000000001
1 -3.1415926535897931 -6.7000000000000004e-16 1 0 
2 0.062269097406478353 5.3000000000000016 -1 0 -0 -1 0.10000000000000001
1 -4.7123889803846897 -6.7000000000000004e-16 1 0 
2 -0.1799958756745571 5.3000000000000016 -1 0 -0 -1 0.10000000000000001
1 0 0 1 0 
1 0 -7 1 0 
1 0 0 1 0 
1 0 -7 1 0 
1 0 0 1 0 
1 0 -7 1 0 
1 0 0 1 0 
1 0 -7 1 0 
1 0 0 1 0 
1 0 -7 1 0 
1 0 0 1 0 
1 0 -7 1 0 
1 0 0 0 1 
1 0.057735026918964039 -2.2e-16 3.0000000000000001e-17 -1 
1 0 0 0 1 
1 1.1279056191361225 0 3.0000000000000001e-17 -1 
1 1.0471975511966261 0 0 1 
1 0.34226497308103543 -2.2e-16 6.0000000000000001e-17 -1 
1 -0.52359877559826806 5 1 0 
2 0.11354226865340333 -5.3000000000000007 -1 -0 0 -1 0.10000000000000001
1 0.52359877559827062 0 0 1 
1 0.02679491924311073 0 0 -1 
1 -5.7595865315813155 5 1 0 
2 -0.42154302745514938 -4.3732050807568896 -1 -0 -0 1 0.10000000000000001
1 0 0 0 1 
1 0.099999999999999978 -2.2e-16 6.0000000000000001e-17 -1 
1 0.52359877559827062 0 0 1 
1 8.77320508075689 0 0 -1 
1 1.5707963267948966 0 0 1 
1 10.700000000000001 0 0 -1 
1 -1.5707963267948966 5 1 0 
2 0.35580724173443889 -5.3000000000000007 -1 -0 0 -1 0.10000000000000001
1 0 0 0 1 
1 0.02679491924311073 -2.2e-16 -3.0000000000000001e-17 -1 
1 -5.7595865315813155 5 1 0 
2 -0.42154302745514927 4.3732050807568896 -1 -0 0 -1 0.10000000000000001
1 0 0 0 1 
1 0.099999999999999645 0 0 -1 
1 1.0471975511966261 0 0 1 
1 1.0969655114602688 -4.4e-16 -3.0000000000000001e-17 -1 
1 1.5707963267948966 0 0 1 
1 0.30000000000000004 -2.2e-16 -6.0000000000000001e-17 -1 
1 -3.1415926535897931 5 1 0 
2 0.35580724173443889 5.3000000000000007 -1 -0 0 -1 0.10000000000000001
1 0 0 0 1 
1 0.057735026918964587 -2.2e-16 -6.0000000000000001e-17 -1 
1 -4.7123889803846897 5 1 0 
2 0.11354226865340333 5.3000000000000007 -1 -0 0 -1 0.10000000000000001
1 1.5707963267948966 0 0 -1 
1 7.8539816339744828 0 0 -1 
1 3.1415926535897931 0 0 -1 
1 6.2831853071795862 0 0 -1 
1 3.1415926535897931 0 0 -1 
1 6.2831853071795862 0 0 -1 
1 4.3982297150257299 0 0 -1 
1 5.0265482457436494 0 0 -1 
1 2.1293016874331023 0 0 -1 
1 1.5707963267948966 0 0 -1 
1 1.5707963267948966 0 0 -1 
1 2.1293016874331023 0 0 -1 
1 0 0 1 0 
1 0 -11.550000000000001 1 0 
1 0 0 1 0 
1 0 -5 1 0 
1 0 0 1 0 
1 0 -11.550000000000001 1 0 
1 0 0 1 0 
1 0 -5 1 0 
1 0 0 1 0 
1 0 -11.550000000000001 1 0 
1 0 0 1 0 
1 0 -5 1 0 
1 0 0 1 0 
1 0 -11.550000000000001 1 0 
1 0 0 1 0 
1 0 -5 1 0 
1 1.5707963267948959 0 0 -1 
1 1.5707963267948961 0 0 -1 
1 3.1415926535897931 0 0 -1 
1 0 0 0 -1 
1 3.1415926535897931 0 0 -1 
1 6.2831853071795862 0 0 -1 
1 4.3982297150257113 0 0 -1 
1 5.0265482457436681 0 0 -1 
Curves 82
1 -5.4000000000000004 0.57735026918958809 0 0.86602540378445281 -0.49999999999997552 0 
8 0.52359877559826806 1.5707963267948966
2 -5.3000000000000007 0.63508529610855091 -1.2250000000000039 0 -1.6099999999999999e-15 -1 0 -1 1.6099999999999999e-15 -1 -0 0 0.10000000000000001
8 5.7595865315813191 6.2831853071795862
2 -4.3732050807568896 0.099999999999998174 -1.2250000000000032 -0 1.6099999999999999e-15 1 0 -1 1.6099999999999999e-15 1 0 0 0.10000000000000001
1 -5.4000000000000004 0.97735026918958812 0 0 -1 0 
1 -4.4000000000000004 0 0 1 -0 0 
8 1.5707963267948966 3.141592653589802
2 -5.3000000000000007 0.87735026918958636 -1.2250000000000043 0 -1.6099999999999999e-15 -1 0 -1 1.6099999999999999e-15 -1 -0 0 0.10000000000000001
8 5.7595865315813191 6.2831853071795951
2 4.3732050807568896 0.099999999999998229 -1.2250000000000032 0 -1.6099999999999999e-15 -1 0 -1 1.6099999999999999e-15 -1 -0 0 0.10000000000000001
1 5.4000000000000004 0.97735026918958812 0 -1 0 0 
1 4.4000000000000004 -0 0 0.86602540378445281 0.49999999999997552 0 
8 3.1415926535897931 4.7123889803846897
2 5.3000000000000007 0.87735026918958636 -1.2250000000000043 0 -1.6099999999999999e-15 -1 0 -1 1.6099999999999999e-15 -1 -0 0 0.10000000000000001
8 4.7123889803846897 5.7595865315813199
2 5.3000000000000007 0.63508529610855091 -1.2250000000000039 0 -1.6099999999999999e-15 -1 0 -1 1.6099999999999999e-15 -1 -0 0 0.10000000000000001
1 5.4000000000000004 0.57735026918958809 0 0 1 0 
1 -6.6999999999999984 -5.774999999999995 2.900000000000003 1 -0 0 
2 -6.6999999999999993 -5.774999999999995 2.6000000000000032 -0 -1 7.7999999999999995e-16 1 0 0 -0 7.7999999999999995e-16 1 0.29999999999999982
2 6.6999999999999993 -5.774999999999995 2.6000000000000032 -0 -1 7.7999999999999995e-16 1 0 0 -0 7.7999999999999995e-16 1 0.29999999999999982
1 -6.9999999999999991 -5.7749999999999977 0.15000000000000258 0 7.7999999999999995e-16 1 
1 6.9999999999999991 -5.774999999999995 2.6000000000000032 -0 -7.7999999999999995e-16 -1 
2 -6.7000000000000002 -5.7749999999999977 0.15000000000000246 -0 -1 7.7999999999999995e-16 1 0 0 -0 7.7999999999999995e-16 1 0.29999999999999893
2 6.6999999999999993 -5.7749999999999977 0.15000000000000335 -0 -1 7.7999999999999995e-16 1 0 0 -0 7.7999999999999995e-16 1 0.29999999999999982
1 -6.1661798842174207 -5.7749999999999977 -0.3388873371345531 -0.95105651629515975 2.4e-16 0.30901699437492841 
1 6.7927050983124921 -5.7749999999999977 -0.13531695488853956 -0.95105651629515975 -2.4e-16 -0.30901699437492852 
2 -6.3206883814048851 -5.7749999999999977 -0.81441559528213281 0 -1 7.7999999999999995e-16 0.64278760968653936 -5.9751466563280279e-16 -0.76604444311897801 0.76604444311897801 5.0137433555550067e-16 0.64278760968653936 0.5
2 6.3206883814048851 -5.7749999999999977 -0.81441559528213303 0 -1 7.7999999999999995e-16 0.95105651629515975 2.4103325561244424e-16 0.30901699437492852 -0.30901699437492852 7.4182408271022457e-16 0.95105651629515975 0.5
1 -4.8169777784405099 -5.7749999999999986 -1.8286061951567258 -0.64278760968653936 5.9999999999999999e-16 0.76604444311897801 
1 5.9376661598453957 -5.7749999999999977 -0.49302179043886341 -0.64278760968653936 -5.9999999999999999e-16 -0.76604444311897801 
1 5.1999999999999993 -5.7749999999999986 -1.6499999999999957 -1 0 -0 
1 -5.3499999999999979 0.54848275573010563 -1.225000000000003 -0 1.6099999999999999e-15 1 
1 -4.4232050807568868 0.013397459621552889 -1.2250000000000023 -0 1.6099999999999999e-15 1 
1 -5.4000000000000004 0.63508529610855091 -1.2250000000000032 -0 1.6099999999999999e-15 1 
8 0.52359877559826806 1.5707963267948966
2 -5.3000000000000007 0.63508529610855891 3.7749999999999968 0 -1.6099999999999999e-15 -1 0 -1 1.6099999999999999e-15 -1 -0 0 0.10000000000000001
1 -4.3732050807568896 -1.8300000000000002e-15 -1.2250000000000023 -0 1.6099999999999999e-15 1 
8 5.7595865315813199 6.2831853071795862
2 -4.3732050807568896 0.10000000000000622 3.7749999999999977 -0 1.6099999999999999e-15 1 0 -1 1.6099999999999999e-15 1 0 0 0.10000000000000001
1 -5.4000000000000004 0.87735026918958636 -1.2250000000000036 -0 1.6099999999999999e-15 1 
1 4.3732050807568896 -1.7800000000000001e-15 -1.2250000000000023 -0 1.6099999999999999e-15 1 
1 -5.3000000000000007 0.97735026918958634 -1.2250000000000039 -0 1.6099999999999999e-15 1 
8 1.5707963267948966 3.1415926535897931
2 -5.3000000000000007 0.87735026918959447 3.7749999999999964 0 -1.6099999999999999e-15 -1 0 -1 1.6099999999999999e-15 -1 -0 0 0.10000000000000001
1 4.4232050807568868 0.01339745962155295 -1.2250000000000023 -0 1.6099999999999999e-15 1 
8 5.7595865315813191 6.2831853071795862
2 4.3732050807568896 0.10000000000000628 3.7749999999999977 0 -1.6099999999999999e-15 -1 0 -1 1.6099999999999999e-15 -1 -0 0 0.10000000000000001
1 5.3000000000000007 0.97735026918958634 -1.2250000000000039 -0 1.6099999999999999e-15 1 
1 5.3499999999999979 0.54848275573010563 -1.225000000000003 -0 1.6099999999999999e-15 1 
1 5.4000000000000004 0.87735026918958636 -1.2250000000000036 -0 1.6099999999999999e-15 1 
8 3.1415926535897931 4.7123889803846906
2 5.3000000000000007 0.87735026918959447 3.7749999999999964 0 -1.6099999999999999e-15 -1 0 -1 1.6099999999999999e-15 -1 -0 0 0.10000000000000001
1 5.4000000000000004 0.63508529610855091 -1.2250000000000032 -0 1.6099999999999999e-15 1 
8 4.7123889803846897 5.7595865315813191
2 5.3000000000000007 0.63508529610855891 3.7749999999999968 0 -1.6099999999999999e-15 -1 0 -1 1.6099999999999999e-15 -1 -0 0 0.10000000000000001
1 -6.6999999999999993 2.9000000000000044 5.7749999999999941 0 -1.0000000000000001e-15 -1 
1 6.7000000000000002 2.9000000000000044 5.7749999999999941 0 -1.0000000000000001e-15 -1 
1 -6.9999999999999991 2.6000000000000045 5.774999999999995 0 -1.0000000000000001e-15 -1 
1 6.9999999999999991 2.6000000000000045 5.7749999999999941 0 -1.0000000000000001e-15 -1 
1 -6.9999999999999991 0.15000000000000377 5.7749999999999977 0 -1.0000000000000001e-15 -1 
1 6.9999999999999991 0.15000000000000474 5.7749999999999968 0 -1.0000000000000001e-15 -1 
1 -6.7927050983124779 -0.13531695488854298 5.7749999999999977 0 -1.0000000000000001e-15 -1 
1 6.7927050983124779 -0.13531695488854312 5.7749999999999977 0 -1.0000000000000001e-15 -1 
1 -6.1661798842174207 -0.3388873371345516 5.7749999999999977 0 -1.0000000000000001e-15 -1 
1 6.1661798842174207 -0.33888733713455171 5.7749999999999977 0 -1.0000000000000001e-15 -1 
1 -5.9376661598453957 -0.49302179043886168 5.7749999999999977 0 -1.0000000000000001e-15 -1 
1 5.9376661598453957 -0.49302179043886224 5.7749999999999977 0 -1.0000000000000001e-15 -1 
1 -4.9668461709224996 -1.6499999999999944 5.7749999999999986 0 -1.0000000000000001e-15 -1 
1 4.9668461709224996 -1.6499999999999941 5.7749999999999986 0 -1.0000000000000001e-15 -1 
1 -6.6999999999999993 3.3999999999999995 0 1 0 0 
2 -6.7000000000000002 2.5999999999999996 0 0 0 1 1 0 -0 -0 1 0 0.80000000000000027
2 6.7000000000000002 2.5999999999999996 0 0 0 1 1 0 -0 -0 1 0 0.80000000000000004
1 -7.5 0.14999999999999872 0 0 1 0 
1 7.5 2.5999999999999996 0 0 -1 0 
2 -6.7000000000000011 0.14999999999999861 0 0 0 1 1 0 -0 -0 1 0 0.79999999999999893
2 6.7000000000000002 0.14999999999999955 0 0 0 1 1 0 -0 -0 1 0 0.80000000000000004
1 -6.320688381404886 -0.81441559528213703 0 -0.95105651629515975 0.30901699437492841 0 
1 6.9472135954999574 -0.6108452130361236 0 -0.95105651629515975 -0.30901699437492852 0 
1 -5.2000000000000002 -2.1499999999999999 0 -0.64278760968653936 0.76604444311897801 0 
1 6.320688381404886 -0.81441559528213703 0 -0.64278760968653936 -0.76604444311897801 0 
1 5.2000000000000002 -2.1499999999999999 0 -1 0 0 
1 -6.6999999999999993 3.3999999999999968 -5.7750000000000021 0 4.4e-16 1 
1 6.6999999999999993 3.3999999999999968 -5.7750000000000021 0 4.4e-16 1 
1 -7.5 2.599999999999997 -5.7750000000000012 0 4.4e-16 1 
1 7.5 2.599999999999997 -5.7750000000000012 0 4.4e-16 1 
1 -7.5 0.14999999999999616 -5.7750000000000004 0 4.4e-16 1 
1 7.5 0.14999999999999686 -5.7750000000000004 0 4.4e-16 1 
1 -6.9472135954999583 -0.61084521303612593 -5.7750000000000004 0 4.4e-16 1 
1 6.9472135954999574 -0.61084521303612616 -5.7750000000000004 0 4.4e-16 1 
1 -6.320688381404886 -0.81441559528213958 -5.7750000000000004 0 4.4e-16 1 
1 6.320688381404886 -0.81441559528213958 -5.7750000000000004 0 4.4e-16 1 
1 -5.2000000000000002 -2.1500000000000026 -5.7749999999999995 0 4.4e-16 1 
1 5.2000000000000002 -2.1500000000000026 -5.7749999999999995 0 4.4e-16 1 
Polygon3D 0
PolygonOnTriangulations 0
Surfaces 45
1 -4.8000000000000001e-16 -5.7749999999999968 0.81508117178311434 0 1 -7.7999999999999995e-16 0 7.7999999999999995e-16 1 1 -0 0 
2 -5.3000000000000007 0.63508529610855091 -1.2250000000000032 -0 1.6099999999999999e-15 1 -0.49999999999997552 -0.86602540378445281 1.3943009000929689e-15 -0.86602540378445281 0.49999999999997552 -8.0499999999996052e-16 0.10000000000000001
2 -4.3732050807568896 0.099999999999998174 -1.2250000000000025 -0 1.6099999999999999e-15 1 -0.49999999999997552 -0.86602540378445281 1.3943009000929689e-15 0.86602540378445281 -0.49999999999997552 8.0499999999996052e-16 0.10000000000000001
2 -5.3000000000000007 0.87735026918958636 -1.2250000000000036 -0 1.6099999999999999e-15 1 -1 0 -0 0 1 -1.6099999999999999e-15 0.10000000000000001
2 4.3732050807568896 0.099999999999998229 -1.2250000000000025 -0 1.6099999999999999e-15 1 0.49999999999997552 -0.86602540378445281 1.3943009000929689e-15 -0.86602540378445281 -0.49999999999997552 8.0499999999996052e-16 0.10000000000000001
2 5.3000000000000007 0.87735026918958636 -1.2250000000000036 -0 1.6099999999999999e-15 1 0 1 -1.6099999999999999e-15 1 -0 0 0.10000000000000001
2 5.3000000000000007 0.63508529610855091 -1.2250000000000032 -0 1.6099999999999999e-15 1 1 0 0 -0 -1 1.6099999999999999e-15 0.10000000000000001
2 -6.6999999999999993 2.6000000000000045 5.7749999999999941 -0 1.0000000000000001e-15 1 1 0 0 0 1 -1.0000000000000001e-15 0.29999999999999982
2 6.6999999999999993 2.6000000000000045 5.7749999999999941 -0 1.0000000000000001e-15 1 1 0 0 0 1 -1.0000000000000001e-15 0.29999999999999982
2 -6.7000000000000002 0.15000000000000374 5.7749999999999977 -0 1.0000000000000001e-15 1 1 0 0 0 1 -1.0000000000000001e-15 0.29999999999999893
2 6.6999999999999993 0.15000000000000463 5.7749999999999977 -0 1.0000000000000001e-15 1 1 0 0 0 1 -1.0000000000000001e-15 0.29999999999999982
2 -6.3206883814048851 -0.81441559528213148 5.7749999999999977 0 1.0000000000000001e-15 1 0.64278760968653936 -0.76604444311897801 7.6604444311897804e-16 0.76604444311897801 0.64278760968653936 -6.4278760968653939e-16 0.5
2 6.3206883814048851 -0.8144155952821317 5.7749999999999977 0 1.0000000000000001e-15 1 0.95105651629515975 0.30901699437492852 -3.0901699437492855e-16 -0.30901699437492852 0.95105651629515975 -9.5105651629515987e-16 0.5
1 -5.4000000000000004 0.57735026918958632 -1.2250000000000032 0.49999999999997552 0.86602540378445281 -1.3899999999999999e-15 0.86602540378445281 -0.49999999999997552 8.3000000000000037e-16 2.3801085141130188e-17 -1.6187753112603693e-15 -1 
1 -5.4000000000000004 0.97735026918958634 -1.2250000000000039 1 0 0 0 -1 1.6699999999999999e-15 0 -1.6699999999999999e-15 -1 
1 0 1.2250000000000032 0.5215430274551478 -0 1 -1.36e-15 0 1.36e-15 1 1 0 -0 
1 -4.4000000000000004 -1.77e-15 -1.2250000000000023 0 1 -1.6099999999999999e-15 1 -0 0 0 -1.6099999999999999e-15 -1 
1 5.4000000000000004 0.97735026918958634 -1.2250000000000039 -0 -1 1.6099999999999999e-15 -1 0 0 -0 -1.6099999999999999e-15 -1 
1 4.4000000000000004 -1.77e-15 -1.2250000000000023 -0.49999999999997552 0.86602540378445281 -1.3899999999999999e-15 0.86602540378445281 0.49999999999997552 -8.3000000000000037e-16 -2.3801085141130188e-17 -1.6187753112603693e-15 -1 
1 5.4000000000000004 0.57735026918958632 -1.2250000000000032 -1 -0 -0 0 1 -1.6699999999999999e-15 0 -1.6699999999999999e-15 -1 
1 -6.6999999999999993 2.9000000000000044 5.7749999999999941 0 -1 1.0000000000000001e-15 1 0 0 -0 1.0000000000000001e-15 1 
1 -6.9999999999999991 0.15000000000000374 5.7749999999999977 1 0 0 0 1 -1.0000000000000001e-15 -0 1.0000000000000001e-15 1 
1 6.9999999999999991 2.6000000000000045 5.7749999999999941 -1 -0 -0 0 -1 1.0000000000000001e-15 -0 1.0000000000000001e-15 1 
1 -6.1661798842174207 -0.33888733713455177 5.7749999999999977 0.30901699437492841 0.95105651629515975 -9.5000000000000005e-16 -0.95105651629515975 0.30901699437492841 -3.1000000000000001e-16 -1.2613753953175205e-18 9.9929895873662967e-16 1 
1 6.7927050983124779 -0.13531695488854298 5.7749999999999977 -0.30901699437492852 0.95105651629515975 -9.5000000000000005e-16 -0.95105651629515975 -0.30901699437492852 3.0999999999999996e-16 1.2613753953173726e-18 9.9929895873662967e-16 1 
1 -4.9668461709224996 -1.6499999999999939 5.7749999999999986 0.76604444311897801 0.64278760968653936 -6.4000000000000005e-16 -0.64278760968653936 0.76604444311897801 -7.7000000000000019e-16 -4.6780158624895056e-18 1.0012382914009984e-15 1 
1 5.9376661598453957 -0.49302179043886191 5.7749999999999977 -0.76604444311897801 0.64278760968653936 -6.4000000000000005e-16 -0.64278760968653936 -0.76604444311897801 7.7000000000000019e-16 4.6780158624895056e-18 1.0012382914009984e-15 1 
1 4.9668461709224996 -1.6499999999999944 5.7749999999999986 -0 1 -1.0000000000000001e-15 -1 -0 0 0 1.0000000000000001e-15 1 
1 -6.4000000000000005e-16 1.7999999999999999e-16 0.81508117178311079 -0 1 -2.2e-16 0 2.2e-16 1 1 0 -0 
2 -6.7000000000000002 2.599999999999997 -5.7750000000000012 0 -4.4e-16 -1 1 0 0 -0 1 -4.4e-16 0.80000000000000027
2 -6.6999999999999993 2.6000000000000045 5.7749999999999968 -0 8.9000000000000007e-16 1 1 0 0 0 1 -8.9000000000000007e-16 0.80000000000000016
2 6.7000000000000002 2.599999999999997 -5.7750000000000012 0 -4.4e-16 -1 1 0 0 -0 1 -4.4e-16 0.80000000000000004
2 6.6999999999999993 2.6000000000000045 5.7749999999999968 -0 8.9000000000000007e-16 1 1 0 0 0 1 -8.9000000000000007e-16 0.79999999999999993
2 -6.7000000000000011 0.14999999999999605 -5.7750000000000004 0 -4.4e-16 -1 1 0 0 -0 1 -4.4e-16 0.79999999999999893
2 -6.7000000000000002 0.15000000000000371 5.7749999999999995 -0 8.9000000000000007e-16 1 1 0 0 0 1 -8.9000000000000007e-16 0.79999999999999882
2 6.7000000000000002 0.149999999999997 -5.7750000000000004 0 -4.4e-16 -1 1 0 0 -0 1 -4.4e-16 0.80000000000000004
2 6.6999999999999993 0.15000000000000466 5.7749999999999995 -0 8.9000000000000007e-16 1 1 0 0 0 1 -8.9000000000000007e-16 0.79999999999999993
1 -6.6999999999999993 3.3999999999999968 -5.7750000000000021 0 1 -4.4e-16 1 0 0 0 -4.4e-16 -1 
1 -7.5 0.14999999999999616 -5.7750000000000004 -1 0 0 0 1 -4.4e-16 -0 -4.4e-16 -1 
1 7.5 2.599999999999997 -5.7750000000000012 1 0 -0 0 -1 4.4e-16 0 -4.4e-16 -1 
1 -6.320688381404886 -0.81441559528213958 -5.7750000000000004 -0.30901699437492841 -0.95105651629515975 4.2000000000000002e-16 -0.95105651629515975 0.30901699437492841 -1.4000000000000001e-16 3.3607746438524276e-18 -4.4270611605645708e-16 -1 
1 6.9472135954999574 -0.61084521303612616 -5.7750000000000004 0.30901699437492852 -0.95105651629515975 4.2000000000000002e-16 -0.95105651629515975 -0.30901699437492852 1.4000000000000001e-16 -3.3607746438523783e-18 -4.4270611605645708e-16 -1 
1 -5.2000000000000002 -2.1500000000000026 -5.7749999999999995 -0.76604444311897801 -0.64278760968653936 2.8999999999999998e-16 -0.64278760968653936 0.76604444311897801 -3.4000000000000005e-16 -3.6051012110802091e-18 -4.4686351746954897e-16 -1 
1 6.320688381404886 -0.81441559528213958 -5.7750000000000004 0.76604444311897801 -0.64278760968653936 2.8999999999999998e-16 -0.64278760968653936 -0.76604444311897801 3.4000000000000005e-16 3.6051012110802091e-18 -4.4686351746954897e-16 -1 
1 5.2000000000000002 -2.1500000000000026 -5.7749999999999995 0 -1 4.4e-16 -1 0 0 -0 -4.4e-16 -1 
Triangulations 0

TShapes 254
Ve
1.00000001e-07
-5.35 0.548482755730106 -1.225
0 0

0101101
*
Ve
1.00000001e-07
-4.42320508075689 0.013397459621553 -1.225
0 0

0101101
*
Ed
 1.00000001e-07 1 1 0
1  1 0 0.057735026918964 1.12790561913612
0

0101000
+254 12 -253 12 *
Ve
1.00000001e-07
-5.4 0.635085296108551 -1.225
0 0

0101101
*
Ed
 1e-07 1 1 0
1  2 0 0.523598775598268 1.5707963267949
2  1 2 0 0.523598775598268 1.5707963267949
2  2 1 13 0.523598775598268 1.5707963267949
0

0101000
+254 0 -251 0 *
Ve
1.00000001e-07
-4.37320508075689 -2e-15 -1.225
0 0

0101101
*
Ed
 1e-07 1 1 0
1  3 0 5.75958653158132 6.28318530717959
2  3 3 0 5.75958653158132 6.28318530717959
2  4 1 13 5.75958653158132 6.28318530717959
0

0101000
+253 0 -249 0 *
Ve
1.00000001e-07
-5.4 0.877350269189586 -1.225
0 0

0101101
*
Ed
 1.00000001e-07 1 1 0
1  4 0 0.1 0.342264973081036
0

0101000
+247 12 -251 12 *
Ve
1.00000001e-07
4.37320508075689 -2e-15 -1.225
0 0

0101101
*
Ed
 1.00000001e-07 1 1 0
1  5 0 0.026794919243111 8.77320508075689
0

0101000
+249 12 -245 12 *
Ve
1e-07
-5.3 0.977350269189586 -1.225
0 0

0101101
*
Ed
 1e-07 1 1 0
1  6 0 1.5707963267949 3.1415926535898
2  5 4 0 1.5707963267949 3.1415926535898
2  6 1 13 1.5707963267949 3.1415926535898
0

0101000
+247 0 -243 0 *
Ve
1.00000001e-07
4.42320508075689 0.013397459621553 -1.225
0 0

0101101
*
Ed
 1e-07 1 1 0
1  7 0 5.75958653158132 6.2831853071796
2  7 5 0 5.75958653158132 6.2831853071796
2  8 1 13 5.75958653158132 6.2831853071796
0

0101000
+241 0 -245 0 *
Ve
1e-07
5.3 0.977350269189586 -1.225
0 0

0101101
*
Ed
 1e-07 1 1 0
1  8 0 0.1 10.7
0

0101000
+239 12 -243 12 *
Ve
1.00000001e-07
5.35 0.548482755730106 -1.225
0 0

0101101
*
Ed
 1.00000001e-07 1 1 0
1  9 0 0.026794919243111 1.09696551146027
0

0101000
+241 12 -237 12 *
Ve
1.00000001e-07
5.4 0.877350269189586 -1.225
0 0

0101101
*
Ed
 1e-07 1 1 0
1  10 0 3.14159265358979 4.71238898038469
2  9 6 0 3.14159265358979 4.71238898038469
2  10 1 13 3.14159265358979 4.71238898038469
0

0101000
+239 0 -235 0 *
Ve
1.00000001e-07
5.4 0.635085296108551 -1.225
0 0

0101101
*
Ed
 1e-07 1 1 0
1  11 0 4.71238898038469 5.75958653158132
2  11 7 0 4.71238898038469 5.75958653158132
2  12 1 13 4.71238898038469 5.75958653158132
0

0101000
+233 0 -237 0 *
Ed
 1.00000001e-07 1 1 0
1  12 0 0.057735026918964 0.3
0

0101000
+233 12 -235 12 *
Wi

0101100
+252 11 -250 0 +248 0 +246 11 +244 11 -242 0 -240 0 +238 11 +236 11 -234 0 
-232 0 +231 11 *
Ve
1e-07
-6.7 -5.775 2.9
0 0

0101101
*
Ve
1e-07
6.7 -5.775 2.9
0 0

0101101
*
Ed
 1e-07 1 1 0
1  13 0 -1e-15 13.4
0

0101000
+229 0 -228 0 *
Ve
1e-07
-7 -5.775 2.6
0 0

0101101
*
Ed
 1e-07 1 1 0
1  14 0 1.5707963267949 3.14159265358979
2  13 8 3 1.5707963267949 3.14159265358979
2  14 8 14 1.5707963267949 3.14159265358979
0

0101000
+229 0 -226 0 *
Ve
1e-07
7 -5.775 2.6
0 0

0101101
*
Ed
 1e-07 1 1 0
1  15 0 6.28318530717959 7.85398163397448
2  15 9 3 6.28318530717959 7.85398163397448
2  16 9 14 6.28318530717959 7.85398163397448
0

0101000
+224 0 -228 0 *
Ve
1e-07
-7 -5.775 0.150000000000002
0 0

0101101
*
Ed
 1e-07 1 1 0
1  16 0 -0 2.45
0

0101000
+222 0 -226 0 *
Ve
1e-07
7 -5.775 0.150000000000003
0 0

0101101
*
Ed
 1e-07 1 1 0
1  17 0 0 2.45
0

0101000
+224 0 -220 0 *
Ve
1e-07
-6.79270509831248 -5.775 -0.135316954888544
0 0

0101101
*
Ed
 1e-07 1 1 0
1  18 0 3.14159265358979 4.39822971502573
2  17 10 3 3.14159265358979 4.39822971502573
2  18 10 14 3.14159265358979 4.39822971502573
0

0101000
+222 0 -218 0 *
Ve
1e-07
6.79270509831248 -5.775 -0.135316954888544
0 0

0101101
*
Ed
 1e-07 1 1 0
1  19 0 5.02654824574365 6.28318530717959
2  19 11 3 5.02654824574365 6.28318530717959
2  20 11 14 5.02654824574365 6.28318530717959
0

0101000
+216 0 -220 0 *
Ve
1e-07
-6.16617988421742 -5.775 -0.338887337134553
0 0

0101101
*
Ed
 1e-07 1 1 0
1  20 0 0 0.658767595153742
0

0101000
+214 0 -218 0 *
Ve
1e-07
6.16617988421742 -5.775 -0.338887337134553
0 0

0101101
*
Ed
 1e-07 1 1 0
1  21 0 1.5e-14 0.658767595153756
0

0101000
+216 0 -212 0 *
Ve
1e-07
-5.9376661598454 -5.775 -0.493021790438863
0 0

0101101
*
Ed
 1e-07 1 1 0
1  22 0 1.5707963267949 2.1293016874331
2  21 12 3 1.5707963267949 2.1293016874331
2  22 12 14 1.5707963267949 2.1293016874331
0

0101000
+210 0 -214 0 *
Ve
1e-07
5.9376661598454 -5.775 -0.493021790438864
0 0

0101101
*
Ed
 1e-07 1 1 0
1  23 0 1.5707963267949 2.1293016874331
2  23 13 3 1.5707963267949 2.1293016874331
2  24 13 14 1.5707963267949 2.1293016874331
0

0101000
+212 0 -208 0 *
Ve
1e-07
-4.9668461709225 -5.775 -1.65
0 0

0101101
*
Ed
 1e-07 1 1 0
1  24 0 0.2331538290775 1.74348161743721
0

0101000
+206 0 -210 0 *
Ve
1e-07
4.9668461709225 -5.775 -1.65
0 0

0101101
*
Ed
 1e-07 1 1 0
1  25 0 -0 1.51032778835971
0

0101000
+208 0 -204 0 *
Ed
 1e-07 1 1 0
1  26 0 0.233153829077499 10.1668461709225
0

0101000
+204 0 -206 0 *
Wi

0101100
+227 7 -225 7 -223 7 +221 7 +219 7 -217 7 -215 7 +213 7 +211 7 +209 7 
+207 7 +205 7 +203 7 +202 7 *
Fa
0  1e-07 1 7

0101000
+230 8 +201 0 *
Ve
1e-07
-5.35 0.548482755730114 3.775
0 0

0101101
*
Ed
 1e-07 1 1 0
1  27 0 -0 5
2  25 2 0 -0 5
2  26 14 2 -0 5
4 G1 2 0 14 2
0

0101000
+254 0 -199 0 *
Ve
1e-07
-4.42320508075689 0.013397459621561 3.775
0 0

0101101
*
Ed
 1e-07 1 1 0
1  28 0 -0 5
2  27 3 0 -0 5
2  28 14 2 -0 5
4 G1 3 0 14 2
0

0101000
+253 0 -197 0 *
Ed
 1e-07 1 1 0
1  1 0 0.057735026918964 1.12790561913612
0

0101000
+199 17 -197 17 *
Wi

0101100
-252 11 +198 0 -196 0 +195 16 *
Fa
0  1e-07 14 0

0101000
+194 8 *
Ve
1e-07
-5.4 0.635085296108559 3.775
0 0

0101101
*
Ed
 1e-07 1 1 0
1  29 0 -0 5
2  29 2 0 -0 5
2  30 15 2 -0 5
4 G1 2 0 15 2
0

0101000
+251 0 -192 0 *
Ed
 1e-07 1 1 0
1  30 0 0.523598775598268 1.5707963267949
2  31 2 0 0.523598775598268 1.5707963267949
2  32 16 18 0.523598775598268 1.5707963267949
0

0101000
+199 0 -192 0 *
Wi

0101100
+250 0 -198 0 +191 0 -190 0 *
Fa
0  0 2 0

0111000
+189 0 *
Ve
1e-07
-4.37320508075689 6e-15 3.775
0 0

0101101
*
Ed
 1e-07 1 1 0
1  31 0 -0 5
2  33 3 0 -0 5
2  34 17 2 -0 5
4 G1 3 0 17 2
0

0101000
+249 0 -187 0 *
Ed
 1e-07 1 1 0
1  32 0 5.75958653158132 6.28318530717959
2  35 3 0 5.75958653158132 6.28318530717959
2  36 16 18 5.75958653158132 6.28318530717959
0

0101000
+197 0 -187 0 *
Wi

0101100
+248 0 -196 0 +186 0 -185 0 *
Fa
0  0 3 0

0111000
+184 0 *
Ve
1e-07
-5.4 0.877350269189594 3.775
0 0

0101101
*
Ed
 1e-07 1 1 0
1  33 0 -0 5
2  37 4 0 -0 5
2  38 15 2 -0 5
4 G1 4 0 15 2
0

0101000
+247 0 -182 0 *
Ed
 1e-07 1 1 0
1  4 0 0.1 0.342264973081035
0

0101000
+182 17 -192 17 *
Wi

0101100
-246 11 +181 0 -191 0 +180 16 *
Fa
0  1e-07 15 0

0101000
+179 8 *
Ve
1e-07
4.37320508075689 6e-15 3.775
0 0

0101101
*
Ed
 1e-07 1 1 0
1  34 0 -0 5
2  39 5 0 -0 5
2  40 17 2 -0 5
4 G1 5 0 17 2
0

0101000
+245 0 -177 0 *
Ed
 1e-07 1 1 0
1  5 0 0.026794919243111 8.77320508075689
0

0101000
+187 17 -177 17 *
Wi

0101100
-244 11 +186 0 -176 0 +175 16 *
Fa
0  1e-07 17 0

0101000
+174 8 *
Ve
1e-07
-5.3 0.977350269189594 3.775
0 0

0101101
*
Ed
 1e-07 1 1 0
1  35 0 -0 5
2  41 4 0 -0 5
2  42 18 2 -0 5
4 G1 4 0 18 2
0

0101000
+243 0 -172 0 *
Ed
 1e-07 1 1 0
1  36 0 1.5707963267949 3.14159265358979
2  43 4 0 1.5707963267949 3.14159265358979
2  44 16 18 1.5707963267949 3.14159265358979
0

0101000
+182 0 -172 0 *
Wi

0101100
+242 0 -181 0 +171 0 -170 0 *
Fa
0  0 4 0

0111000
+169 0 *
Ve
1e-07
4.42320508075689 0.013397459621561 3.775
0 0

0101101
*
Ed
 1e-07 1 1 0
1  37 0 0 5
2  45 5 0 0 5
2  46 19 2 0 5
4 G1 5 0 19 2
0

0101000
+241 0 -167 0 *
Ed
 1e-07 1 1 0
1  38 0 5.75958653158132 6.28318530717959
2  47 5 0 5.75958653158132 6.28318530717959
2  48 16 18 5.75958653158132 6.28318530717959
0

0101000
+167 0 -177 0 *
Wi

0101100
+240 0 -166 0 +176 0 -165 0 *
Fa
0  0 5 0

0111000
+164 0 *
Ve
1e-07
5.3 0.977350269189594 3.775
0 0

0101101
*
Ed
 1e-07 1 1 0
1  39 0 -0 5
2  49 6 0 -0 5
2  50 18 2 -0 5
4 G1 6 0 18 2
0

0101000
+239 0 -162 0 *
Ed
 1e-07 1 1 0
1  8 0 0.1 10.7
0

0101000
+162 17 -172 17 *
Wi

0101100
-238 11 +161 0 -171 0 +160 16 *
Fa
0  1e-07 18 0

0101000
+159 8 *
Ve
1e-07
5.35 0.548482755730114 3.775
0 0

0101101
*
Ed
 1e-07 1 1 0
1  40 0 -0 5
2  51 7 0 -0 5
2  52 19 2 -0 5
4 G1 7 0 19 2
0

0101000
+237 0 -157 0 *
Ed
 1e-07 1 1 0
1  9 0 0.026794919243111 1.09696551146027
0

0101000
+167 17 -157 17 *
Wi

0101100
-236 11 +166 0 -156 0 +155 16 *
Fa
0  1e-07 19 0

0101000
+154 8 *
Ve
1e-07
5.4 0.877350269189594 3.775
0 0

0101101
*
Ed
 1e-07 1 1 0
1  41 0 0 5
2  53 6 0 0 5
2  54 20 2 0 5
4 G1 6 0 20 2
0

0101000
+235 0 -152 0 *
Ed
 1e-07 1 1 0
1  42 0 3.14159265358979 4.71238898038469
2  55 6 0 3.14159265358979 4.71238898038469
2  56 16 18 3.14159265358979 4.71238898038469
0

0101000
+162 0 -152 0 *
Wi

0101100
+234 0 -161 0 +151 0 -150 0 *
Fa
0  0 6 0

0111000
+149 0 *
Ve
1e-07
5.4 0.635085296108559 3.775
0 0

0101101
*
Ed
 1e-07 1 1 0
1  43 0 0 5
2  57 7 0 0 5
2  58 20 2 0 5
4 G1 7 0 20 2
0

0101000
+233 0 -147 0 *
Ed
 1e-07 1 1 0
1  44 0 4.71238898038469 5.75958653158132
2  59 7 0 4.71238898038469 5.75958653158132
2  60 16 18 4.71238898038469 5.75958653158132
0

0101000
+147 0 -157 0 *
Wi

0101100
+232 0 -146 0 +156 0 -145 0 *
Fa
0  0 7 0

0111000
+144 0 *
Ed
 1e-07 1 1 0
1  12 0 0.057735026918965 0.3
0

0101000
+147 17 -152 17 *
Wi

0101100
-231 11 +146 0 -151 0 +142 16 *
Fa
0  1e-07 20 0

0101000
+141 8 *
Ve
1.00000003e-07
-6.7 2.9 5.77499999999999
0 0

0101101
*
Ed
 1e-07 1 1 0
1  45 0 0 7
2  61 8 0 0 7
4 G1 21 0 8 0
0

0101000
+139 0 -229 20 *
Ve
1.00000003e-07
6.7 2.9 5.77499999999999
0 0

0101101
*
Ed
 1e-07 1 1 0
1  46 0 0 7
2  62 9 0 0 7
4 G1 21 0 9 0
0

0101000
+137 0 -228 20 *
Ed
 1.00000003e-07 1 1 0
1  13 0 -1e-15 13.4
0

0101000
+139 3 -137 3 *
Wi

0101100
+138 0 -136 0 -135 21 +227 20 *
Fa
0  1e-07 21 0

0101000
+134 0 *
Ve
1.00000003e-07
-7 2.6 5.775
0 0

0101101
*
Ed
 1e-07 1 1 0
1  47 0 0 7
2  63 8 0 0 7
4 G1 22 0 8 0
0

0101000
+132 0 -226 20 *
Ed
 1.00000003e-07 1 1 0
1  14 0 1.5707963267949 3.14159265358979
2  13 8 3 1.5707963267949 3.14159265358979
2  14 8 14 1.5707963267949 3.14159265358979
0

0101000
+139 3 -132 3 *
Wi

0101100
+138 0 -131 0 -130 21 +225 20 *
Fa
0  1e-07 8 0

0101000
+129 0 *
Ve
1.00000004e-07
7 2.6 5.77499999999999
0 0

0101101
*
Ed
 1e-07 1 1 0
1  48 0 0 7
2  64 9 0 0 7
4 G1 9 0 23 0
0

0101000
+127 0 -224 20 *
Ed
 1.00000003e-07 1 1 0
1  15 0 6.28318530717959 7.85398163397448
2  15 9 3 6.28318530717959 7.85398163397448
2  16 9 14 6.28318530717959 7.85398163397448
0

0101000
+127 3 -137 3 *
Wi

0101100
+126 0 -136 0 -125 21 +223 20 *
Fa
0  1e-07 9 0

0101000
+124 0 *
Ve
1.00000002e-07
-7 0.150000000000004 5.775
0 0

0101101
*
Ed
 1e-07 1 1 0
1  49 0 0 7
2  65 10 0 0 7
4 G1 10 0 22 0
0

0101000
+122 0 -222 20 *
Ed
 1.00000002e-07 1 1 0
1  16 0 -0 2.45
0

0101000
+122 3 -132 3 *
Wi

0101100
+121 0 -131 0 -120 21 +221 20 *
Fa
0  1e-07 22 0

0101000
+119 0 *
Ve
1.00000004e-07
7 0.150000000000005 5.775
0 0

0101101
*
Ed
 1e-07 1 1 0
1  50 0 0 7
2  66 11 0 0 7
4 G1 23 0 11 0
0

0101000
+117 0 -220 20 *
Ed
 1.00000004e-07 1 1 0
1  17 0 0 2.45
0

0101000
+127 3 -117 3 *
Wi

0101100
+126 0 -116 0 -115 21 +219 20 *
Fa
0  1e-07 23 0

0101000
+114 0 *
Ve
1.00000002e-07
-6.79270509831248 -0.135316954888543 5.775
0 0

0101101
*
Ed
 1e-07 1 1 0
1  51 0 0 7
2  67 10 0 0 7
4 G1 24 0 10 0
0

0101000
+112 0 -218 20 *
Ed
 1.00000002e-07 1 1 0
1  18 0 3.14159265358979 4.39822971502573
2  17 10 3 3.14159265358979 4.39822971502573
2  18 10 14 3.14159265358979 4.39822971502573
0

0101000
+122 3 -112 3 *
Wi

0101100
+121 0 -111 0 -110 21 +217 20 *
Fa
0  1e-07 10 0

0101000
+109 0 *
Ve
1.00000002e-07
6.79270509831248 -0.135316954888543 5.775
0 0

0101101
*
Ed
 1e-07 1 1 0
1  52 0 0 7
2  68 11 0 0 7
4 G1 11 0 25 0
0

0101000
+107 0 -216 20 *
Ed
 1.00000002e-07 1 1 0
1  19 0 5.02654824574365 6.28318530717959
2  19 11 3 5.02654824574365 6.28318530717959
2  20 11 14 5.02654824574365 6.28318530717959
0

0101000
+107 3 -117 3 *
Wi

0101100
+106 0 -116 0 -105 21 +215 20 *
Fa
0  1e-07 11 0

0101000
+104 0 *
Ve
1.00000003e-07
-6.16617988421742 -0.338887337134552 5.775
0 0

0101101
*
Ed
 1e-07 1 1 0
1  53 0 0 7
2  69 12 0 0 7
4 G1 12 0 24 0
0

0101000
+102 0 -214 20 *
Ed
 1.00000002e-07 1 1 0
1  20 0 0 0.658767595153742
0

0101000
+102 3 -112 3 *
Wi

0101100
+101 0 -111 0 -100 21 +213 20 *
Fa
0  1e-07 24 0

0101000
+99 0 *
Ve
1.00000003e-07
6.16617988421742 -0.338887337134552 5.775
0 0

0101101
*
Ed
 1e-07 1 1 0
1  54 0 0 7
2  70 13 0 0 7
4 G1 25 0 13 0
0

0101000
+97 0 -212 20 *
Ed
 1.00000002e-07 1 1 0
1  21 0 1.5e-14 0.658767595153756
0

0101000
+107 3 -97 3 *
Wi

0101100
+106 0 -96 0 -95 21 +211 20 *
Fa
0  1e-07 25 0

0101000
+94 0 *
Ve
1.00000003e-07
-5.9376661598454 -0.493021790438862 5.775
0 0

0101101
*
Ed
 1e-07 1 1 0
1  55 0 0 7
2  71 12 0 0 7
4 G1 26 0 12 0
0

0101000
+92 0 -210 20 *
Ed
 1.00000003e-07 1 1 0
1  22 0 1.5707963267949 2.1293016874331
2  21 12 3 1.5707963267949 2.1293016874331
2  22 12 14 1.5707963267949 2.1293016874331
0

0101000
+92 3 -102 3 *
Wi

0101100
+91 0 -101 0 -90 21 +209 20 *
Fa
0  1e-07 12 0

0101000
+89 0 *
Ve
1.00000003e-07
5.9376661598454 -0.493021790438862 5.775
0 0

0101101
*
Ed
 1e-07 1 1 0
1  56 0 0 7
2  72 13 0 0 7
4 G1 13 0 27 0
0

0101000
+87 0 -208 20 *
Ed
 1.00000003e-07 1 1 0
1  23 0 1.5707963267949 2.1293016874331
2  23 13 3 1.5707963267949 2.1293016874331
2  24 13 14 1.5707963267949 2.1293016874331
0

0101000
+97 3 -87 3 *
Wi

0101100
+96 0 -86 0 -85 21 +207 20 *
Fa
0  1e-07 13 0

0101000
+84 0 *
Ve
1.00000003e-07
-4.9668461709225 -1.64999999999999 5.775
0 0

0101101
*
Ed
 1e-07 1 1 0
1  57 0 0 7
0

0101000
+82 0 -206 20 *
Ed
 1.00000003e-07 1 1 0
1  24 0 0.2331538290775 1.74348161743721
0

0101000
+82 3 -92 3 *
Wi

0101100
+81 0 -91 0 -80 21 +205 20 *
Fa
0  1e-07 26 0

0101000
+79 0 *
Ve
1.00000003e-07
4.9668461709225 -1.64999999999999 5.775
0 0

0101101
*
Ed
 1e-07 1 1 0
1  58 0 0 7
0

0101000
+77 0 -204 20 *
Ed
 1.00000003e-07 1 1 0
1  25 0 -0 1.51032778835971
0

0101000
+87 3 -77 3 *
Wi

0101100
+86 0 -76 0 -75 21 +203 20 *
Fa
0  1e-07 27 0

0101000
+74 0 *
Ed
 1.00000002e-07 1 1 0
1  26 0 0.233153829077499 10.1668461709225
0

0101000
+77 3 -82 3 *
Wi

0101100
