<?xml version='1.0' encoding='utf-8'?>
<!-- FreeCAD DocumentObject -->
<Document SchemaVersion="4" FileVersion="2">
<Object name="Screw002">
  <Properties Count="17" TransientCount="1">
    <_Property name="_ElementMapVersion" type="App::PropertyString" status="234881024"/>
    <Property name="ColoredElements" type="App::PropertyLinkSubHidden" status="218103808">
      <LinkSub value="" count="0">
      </LinkSub>
    </Property>
    <Property name="ExpressionEngine" type="App::PropertyExpressionEngine" status="67108864">
      <ExpressionEngine count="0"></ExpressionEngine>
    </Property>
    <Property name="Label" type="App::PropertyString" status="134217728">
      <String value="M2.5x8-Screw032"/>
    </Property>
    <Property name="Label2" type="App::PropertyString" status="128">
      <String value=""/>
    </Property>
    <Property name="Placement" type="App::PropertyPlacement" status="8388608">
      <PropertyPlacement Px="-39" Py="24.5" Pz="2" Q0="-1" Q1="0" Q2="0" Q3="6.123233995736766e-17" A="3.141592653589793" Ox="-1" Oy="0" Oz="0"/>
    </Property>
    <Property name="Proxy" type="App::PropertyPythonObject">
      <Python  module="FastenersCmd" class="FSScrewObject" cdata="1">
<![CDATA[
{
  "itemText": "Screw",
  "type": "ISO7045",
  "diameter": "M2.5",
  "matchOuter": false,
  "length": "8",
  "customlen": 8.0,
  "realThread": false
}
]]>
      </Python>
    </Property>
    <Property name="Shape" type="Part::PropertyPartShape">
      <Part HasherIndex="0" ElementMap="1.15.70200.4" brep="1">
<![CDATA[

CASCADE Topology V1, (c) Matra-Datavision
Locations 15
1
              1              -0               0             -39 
              0              -1 1.22464679914735e-16            24.5 
             -0 -1.22464679914735e-16              -1               2 
1
              1               0               0               0 
              0               1               0               0 
              0               0               1 1.86530211271287 
1
2.22044604925031e-16               1               0               0 
             -1 2.22044604925031e-16              -0               0 
             -0               0               1               0 
2  3 1 2 1 0
1
             -1 4.44089209850063e-16               0               0 
-4.44089209850063e-16              -1               0               0 
              0               0               1               0 
2  5 1 2 1 0
1
-4.44089209850063e-16              -1               0               0 
              1 -4.44089209850063e-16               0               0 
              0               0               1               0 
2  7 1 2 1 0
2  2 -1 3 -1 0
2  3 -1 0
2  2 -1 0
2  2 -1 5 -1 0
2  5 -1 0
2  2 -1 7 -1 0
2  7 -1 0
Curve2ds 116
1 0 0 1 0 
1 0 -0.89566479385786546 1 0 
1 0 1.2224989991991992 1 0 
2 0 0 1 0 -0 1 2.5
1 6.2831853071795862 0 0 1 
1 0 0 0 1 
2 0 0 1 0 -0 1 1.3500000000000001
1 0 0 1 0 
1 0 1.5707963267948952 1 0 
1 0 0 1 0 
1 6.2831853071795862 0 0 1 
1 0 0 0 1 
1 0 7.9000000000000004 1 0 
2 0 0 1 0 -0 1 1.25
1 6.2831853071795862 0 0 1 
1 0 0 0 1 
7 0 0  6 7 2  5.9992961546557222 -1.3673576128343707  6.0392652469214454 -1.3734186976111382  6.0820706040066739 -1.3790957173869174  6.1278660694231348 -1.3843371497834767  6.1767431564204571 -1.3890847903884236  6.2286261002589143 -1.3932748381203417  6.2831853071795862 -1.3968504553813559 
 1.4484131950774992 7 1.5090655826204975 7
2 0.33932574683560024 3.5999862901384603 -1 -6.9388939039072284e-18 6.9388939039072284e-18 -1 3.9953113123212924
7 0 0  8 16 3  5.6813698507267967 -1.1411430576576851  5.6926563837511388 -1.1581488944412108  5.7049172013170359 -1.1750976627250371  5.7183033497802285 -1.1919802827116044  5.7330010785092327 -1.2087855417227615  5.7492479817148308 -1.2254989137725616  5.767349780216346 -1.2421015958676058  5.7877175607381934 -1.2585679443892968  5.8341730199221873 -1.2911510454354442  5.8602602599748934 -1.3072678048606576  5.8898054782039253 -1.323171162532617  5.9235701600446191 -1.3388100370493703  5.9626407358700817 -1.3541124821313133  6.0083768429267366 -1.368978090130895  6.0629699518971512 -1.3832501169203821  6.1291260319790002 -1.3966639043371392 
 1.1557653366338365 9 1.2969450134682869 7 1.4381246903027369 9
2 2.0543974769413182 3.5773054545260399 -1 -2.966056728224161e-20 2.966056728224161e-20 -1 3.9991616047103924
1 6.283185307179588 -1.2265365274461868 -1 0 
1 6.2831853071795862 0.75424525972126055 -1 0 
7 0 0  8 16 3  4.8664482555852793 -1.3966639043371394  4.9326043356671283 -1.3832501169203824  4.9871974446355125 -1.3689780901315771  5.0329335516762512 -1.3541124821322228  5.0720041275162657 -1.3388100370484608  5.1057688093424076 -1.3231711625348908  5.1353140275850819 -1.3072678048613398  5.1614012676420904 -1.2911510454354442  5.2078567268260851 -1.2585679443892972  5.2282245073470923 -1.2421015958674777  5.2463263058503173 -1.225498913772924  5.2625732090557449 -1.2087855417227047  5.2772709377834701 -1.1919802827111496  5.2906570862469131 -1.1750976627251224  5.3029179038131389 -1.1581488944412104  5.3142044368374792 -1.1411430576576846 
 1.7034679632870564 9 1.8446476401215017 7 1.985827316955957 9
2 -2.0543974769413182 3.5773054545260399 -1 -6.9092333366249898e-18 6.9092333366249898e-18 -1 3.9991616047103928
7 0 0  7 8 2  4.6090387933035295 -1.4025048641557751  4.6742122221787925 -1.399609677366412  4.7367833062344289 -1.3958892208557359  4.7960492026122665 -1.3914030220931863  4.8516089147487946 -1.3862294486136761  4.9034139983914429 -1.3804496528820778  4.9515708546311146 -1.3741372164835262  4.9962781329085573 -1.367357612834371 
 1.6140298744189081 8 1.6931794585122943 8
2 -0.33932574683560146 3.5999862901384598 -1 6.9388939039072268e-18 -6.9388939039072268e-18 -1 3.9953113123212929
7 0 0  7 8 2  4.4284998278608265 -1.3673576128343712  4.4732071061382692 -1.3741372164835264  4.5213639623789277 -1.3804496528821346  4.5731690460174832 -1.3862294486124256  4.6287287581585588 -1.3914030220936411  4.6879946545338953 -1.395889220855679  4.7505657385905931 -1.3996096773664117  4.8157391674658561 -1.4025048641557749 
 1.4484131950774997 8 1.5275627791708861 8
2 0.33932574683559774 3.5999862901384598 -1 -1.3877787807814457e-17 1.3877787807814457e-17 -1 3.9953113123212929
7 0 0  8 16 3  4.1105735239319019 -1.141143057657686  4.1218600569562431 -1.1581488944412113  4.1341208745232096 -1.1750976627253356  4.1475070229843425 -1.191980282710901  4.1622047517146257 -1.2087855417227047  4.1784516549217585 -1.2254989137732153  4.196553453421326 -1.24210159586735  4.2169212339432987 -1.2585679443892976  4.2633766931272925 -1.2911510454354447  4.2894639331771032 -1.3072678048592934  4.319009151420687 -1.3231711625439857  4.3527738332522858 -1.3388100370402753  4.3918444090832054 -1.3541124821431367  4.4375805161298558 -1.368978090129076  4.4921736251022564 -1.3832501169203826  4.5583297051841054 -1.3966639043371396 
 1.1557653366338372 9 1.2969450134682872 7 1.4381246903027376 9
2 2.0543974769413151 3.5773054545260399 -1 -2.0787021144439445e-17 2.0787021144439445e-17 -1 3.9991616047103924
1 6.283185307179588 -1.2265365274461868 -1 0 
1 6.2831853071795862 0.75424525972126055 -1 0 
7 0 0  8 16 3  3.2956519287903805 -1.39666390433714  3.3618080088722295 -1.383250116920383  3.4164011178349938 -1.3689780901341919  3.4621372249075648 -1.3541124821222184  3.5012078006839147 -1.3388100370602842  3.5349724825664453 -1.3231711625239768  3.5645177007904749 -1.3072678048636135  3.5906049408471934 -1.2911510454354449  3.6370604000311877 -1.2585679443892976  3.6574281805530098 -1.2421015958674779  3.675529979053735 -1.2254989137732082  3.6917768822606831 -1.2087855417228184  3.7064746109903979 -1.1919802827110075  3.7198607594518931 -1.1750976627251224  3.7321215770182419 -1.1581488944412115  3.7434081100425831 -1.141143057657686 
 1.7034679632870557 9 1.8446476401215044 7 1.9858273169559562 9
2 -2.0543974769413151 3.5773054545260399 -1 6.9092333366249868e-18 -6.9092333366249868e-18 -1 3.9991616047103928
7 0 0  7 8 2  3.0382424665086303 -1.4025048641557756  3.1034158953838937 -1.3996096773664124  3.1659869794401629 -1.3958892208556222  3.2252528758181143 -1.3914030220935274  3.2808125879550971 -1.3862294486127666  3.3326176715962674 -1.3804496528822483  3.3807745278362158 -1.3741372164835268  3.4254818061136589 -1.3673576128343716 
 1.6140298744189074 8 1.6931794585122937 8
2 -0.33932574683559891 3.5999862901384594 -1 1.3877787807814457e-17 -1.3877787807814457e-17 -1 3.9953113123212929
7 0 0  7 8 2  2.8577035010659273 -1.3673576128343714  2.9024107793433704 -1.3741372164835266  2.9505676355834112 -1.3804496528820778  3.0023727192246952 -1.386229448612994  3.0579324313621328 -1.3914030220930727  3.1171983277392883 -1.3958892208558495  3.1797694117956938 -1.3996096773664124  3.2449428406709573 -1.4025048641557756 
 1.4484131950774994 8 1.5275627791708859 8
2 0.3393257468355988 3.5999862901384594 -1 6.8936648007986953e-18 -6.8936648007986953e-18 -1 3.9953113123212929
7 0 0  8 16 3  2.5397771971370031 -1.1411430576576846  2.5510637301613448 -1.1581488944412106  2.5633245477277624 -1.1750976627250795  2.5767106961890676 -1.1919802827114125  2.5914084249188818 -1.2087855417227047  2.6076553281258015 -1.2254989137726611  2.625757126626219 -1.2421015958675206  2.646124907148399 -1.2585679443892976  2.6925803663323928 -1.2911510454354447  2.7186676063861341 -1.3072678048595208  2.7482128246119828 -1.3231711625430762  2.7819775064708665 -1.3388100370420943  2.8210480822781392 -1.3541124821422272  2.8667841893393415 -1.3689780901293034  2.9213772983073563 -1.383250116920383  2.9875333783892053 -1.39666390433714 
 1.1557653366338363 9 1.2969450134682865 7 1.4381246903027374 9
2 2.0543974769413156 3.5773054545260399 -1 -6.9685544711894669e-18 6.9685544711894669e-18 -1 3.9991616047103928
1 6.283185307179588 -1.2265365274461868 -1 0 
1 6.2831853071795862 0.75424525972126055 -1 0 
7 0 0  8 16 3  1.7248556019954804 -1.3966639043371398  1.7910116820773299 -1.383250116920383  1.8456047910433426 -1.3689780901310087  1.8913408981015891 -1.3541124821308586  1.9304114739152283 -1.3388100370548273  1.9641761557622885 -1.3231711625312528  1.9937213739958679 -1.3072678048617945  2.0198086140522937 -1.2911510454354447  2.066264073236288 -1.2585679443892976  2.0866318537586706 -1.2421015958672648  2.1047336522584459 -1.2254989137730306  2.1209805554658487 -1.2087855417226478  2.1356782841960182 -1.1919802827109294  2.1490644326565311 -1.1750976627252503  2.1613252502233431 -1.1581488944412113  2.1726117832476848 -1.1411430576576855 
 1.7034679632870555 9 1.8446476401215071 7 1.9858273169559562 9
2 -2.0543974769413147 3.5773054545260399 -1 6.9092333366249868e-18 -6.9092333366249868e-18 -1 3.9991616047103924
7 0 0  7 8 2  1.4674461397137315 -1.4025048641557749  1.5326195685889947 -1.3996096773664117  1.5951906526455559 -1.3958892208558495  1.6544565490228251 -1.3914030220931863  1.710016261159808 -1.3862294486136761  1.7618213448013762 -1.3804496528818504  1.809978201041317 -1.3741372164835264  1.8546854793187599 -1.3673576128343712 
 1.6140298744189072 8 1.6931794585122935 8
2 -0.3393257468355978 3.5999862901384603 -1 1.3877787807814457e-17 -1.3877787807814457e-17 -1 3.9953113123212929
7 0 0  7 8 2  1.286907174271029 -1.3673576128343707  1.3316144525484719 -1.3741372164835259  1.3797713087884631 -1.3804496528819641  1.4315763924303155 -1.3862294486136761  1.4871361045666163 -1.3914030220930727  1.5464020009446813 -1.3958892208557359  1.6089730850007942 -1.399609677366412  1.6741465138760574 -1.4025048641557751 
 1.4484131950774988 8 1.5275627791708852 8
2 0.33932574683560141 3.5999862901384598 -1 6.8936648007986953e-18 -6.8936648007986953e-18 -1 3.9953113123212929
7 0 0  8 16 3  0.96898087034210623 -1.1411430576576842  0.98026740336644758 -1.1581488944412097  0.99252822093299753 -1.1750976627252925  1.0059143693938495 -1.1919802827107375  1.02061209812382 -1.2087855417225342  1.0368590013311092 -1.2254989137731656  1.0549607998313693 -1.2421015958673922  1.0753285803535015 -1.2585679443892963  1.1217840395374954 -1.2911510454354438  1.1478712795907313 -1.3072678048606576  1.1774164978255612 -1.3231711625330718  1.2111811796667098 -1.3388100370484608  1.2502517554903534 -1.3541124821322228  1.295987862543825 -1.3689780901306676  1.3505809715124577 -1.3832501169203824  1.4167370515943065 -1.3966639043371394 
 1.1557653366338354 9 1.2969450134682863 7 1.4381246903027367 9
2 2.0543974769413182 3.5773054545260399 -1 -6.9685544711894669e-18 6.9685544711894669e-18 -1 3.9991616047103928
1 6.283185307179588 -1.2265365274461868 -1 0 
1 6.2831853071795862 0.75424525972126055 -1 0 
7 0 0  8 16 3  0.15405927520058652 -1.3966639043371392  0.22021535528243538 -1.3832501169203821  0.27480846424867877 -1.3689780901298718  0.3205445713078916 -1.354112482133587  0.35961514712244025 -1.3388100370430038  0.39337982897086476 -1.3231711625339813  0.42292504720217039 -1.3072678048604303  0.44901228725739817 -1.291151045435444  0.49546774644139241 -1.2585679443892968  0.51583552696354396 -1.2421015958673498  0.53393732546386374 -1.2254989137732153  0.55018422867109962 -1.2087855417227615  0.56488195740096359 -1.191980282710972  0.5782681058618091 -1.1750976627253356  0.59052892342844676 -1.1581488944412104  0.60181545645278811 -1.1411430576576846 
 1.7034679632870564 9 1.8446476401215073 7 1.9858273169559568 9
2 -2.0543974769413182 3.5773054545260399 -1 2.966056728224161e-20 -2.966056728224161e-20 -1 3.9991616047103924
7 0 0  6 7 2  6.4148780460260461e-16 -1.3968504553813559  0.054559206920672544 -1.3932748381203417  0.10644215075893015 -1.3890847903884804  0.1553192377565189 -1.3843371497834198  0.20111470317275604 -1.37909571738696  0.24392006025814178 -1.373418697611138  0.28388915252386482 -1.3673576128343705 
 1.6325270709692956 7 1.6931794585122941 7
2 -0.33932574683560024 3.5999862901384603 -1 6.9388939039072284e-18 -6.9388939039072284e-18 -1 3.9953113123212924
1 6.2831853071795862 -1.5707963267948961 0 1 
1 0 -1.5707963267948961 0 1 
8 0.29227213507561001 0.899294045556573
7 0 0  6 7 2  4.6197017057745304 0.18750237987165394  4.7111687938434406 0.17305870871423448  4.7996548069147593 0.1524455259467965  4.8838058472248349 0.12539679695507644  4.9626767072127791 0.091456721175301681  5.0359350491503276 0.049964606589290361  5.1035551873266876 -8.0286525661166002e-16 
 0.29227213507561001 7 0.899294045556573 7
8 0.39639237397455557 0.89929404555657211
5 -0.33932574683559957 1.5572088097465988 -6.8936648007986953e-18 -1 1 -6.8936648007986953e-18 0.22757304843844506 0.42442080261617204
1 0.17792145438031259 -1.5710925115653223 -0.043389928087268555 0.99905821358946945 
1 -1.3001961883476263 -1.5675523778252924 -0.079848119046177349 0.99680704145024357 
1 -0.041453748759151358 -1.5710925115653223 -0.043389928087268555 0.99905821358946945 
1 0.041453748759151358 -1.5710925115653223 0.043389928087268555 0.99905821358946945 
8 -0.89929404555657244 -0.39639237397455579
5 0.33932574683559957 1.5572088097465988 6.8936648007986953e-18 -1 1 6.8936648007986953e-18 0.22757304843844506 0.42442080261617204
8 -0.89929404555657244 -0.39639237397455579
7 0 0  6 7 2  5.8920191002375892 -6.1302826015518851e-16  5.9480406044606484 0.041394361125750505  6.0079316832878362 0.076973465115143469  6.0716793724014906 0.10726074031378019  6.1391211116262525 0.13265716807061789  6.2098375645370245 0.15346287355427235  6.2831853071795862 0.16988550760335547 
 -0.89929404555657244 7 -0.39639237397455579 7
8 -1.4854494153873574 -0.82859989042079751
5 2.0543974769413174 1.5604988335036021 -6.9388939039072284e-18 -1 1 -6.9388939039072284e-18 0.1430137011525098 0.2674939922799312
8 -1.4854494153873574 -0.82859989042079751
7 0 0  6 7 2  5.9161860100351387 -7.1105513486812242e-16  5.9623023622032436 0.069576660685133296  6.0137727194597232 0.12902543558226398  6.0711753420117702 0.17984706789189175  6.1350574704265455 0.22317912064447754  6.205786545451434 0.25989993813523488  6.2831853071795862 0.29067319441124523 
 -1.4854494153873574 7 -0.82859989042079751 7
1 0 2.3566735527170386 1 0 
1 0 0 1 0 
8 0.66959751403357692 1.4854494153873559
7 0 0  7 8 2  4.5941897905784854 0.33031848110535944  4.6849917486111892 0.30483745806041129  4.7688524373018026 0.27343083421482817  4.8451053433514062 0.23553322909492636  4.9137625386597392 0.19038219684208002  4.9752952934461518 0.13698630884269392  5.0302914311394185 0.074073391787697285  5.0793882775291364 -8.0286525661166002e-16 
 0.66959751403357692 8 1.4854494153873559 8
8 0.82859989042079674 1.4854494153873548
5 -2.0543974769413165 1.5604988335036023 6.9388939039072284e-18 -1 1 6.9388939039072284e-18 0.14301370115251008 0.2674939922799317
8 -0.899294045556574 -0.29227213507561017
7 0 0  6 7 2  4.3212227734426918 -1.2011895084327919e-15  4.3888429116190517 0.049964606589290084  4.4621012535567388 0.091456721175305233  4.5409721135441714 0.12539679695507289  4.6251231538548723 0.15244552594679739  4.7136091669259388 0.17305870871423459  4.8050762549948489 0.18750237987165411 
 -0.899294045556574 7 -0.29227213507561017 7
8 -0.89929404555657244 -0.39639237397455579
5 0.33932574683559957 1.5572088097465988 6.8936648007986953e-18 -1 1 6.8936648007986953e-18 0.22757304843844506 0.42442080261617204
8 -1.4854494153873581 -0.66959751403357892
7 0 0  7 8 2  4.3453896832402421 -1.3178666420539146e-15  4.39448652962996 0.074073391787696855  4.449482667321945 0.13698630884274365  4.5110154221151788 0.19038219684193791  4.5796726174162359 0.23553322909504004  4.6559255234685679 0.27343083421478553  4.7397862121581893 0.30483745806041113  4.830588170190893 0.33031848110535933 
 -1.4854494153873581 8 -0.66959751403357892 8
8 -1.4854494153873574 -0.82859989042079751
5 2.0543974769413174 1.5604988335036021 -6.9388939039072284e-18 -1 1 -6.9388939039072284e-18 0.1430137011525098 0.2674939922799312
8 0.66959751403357604 1.4854494153873568
7 0 0  7 8 2  3.0233934637835884 0.33031848110535927  3.1141954218162922 0.30483745806041113  3.1980561105065135 0.27343083421479264  3.2743090165567992 0.23553322909501162  3.3429662118624037 0.19038219684196633  3.4044989666515448 0.13698630884275786  3.4594951043445223 0.074073391787696438  3.5085919507342402 -1.9122446433009143e-15 
 0.66959751403357604 8 1.4854494153873568 8
8 0.82859989042079674 1.4854494153873548
5 -2.0543974769413165 1.5604988335036023 6.9388939039072284e-18 -1 1 6.9388939039072284e-18 0.14301370115251008 0.2674939922799317
8 0.29227213507561006 0.89929404555657422
7 0 0  6 7 2  3.0489053789796343 0.18750237987165386  3.1403724670485444 0.17305870871423434  3.2288584801197544 0.1524455259467965  3.3130095204298868 0.12539679695507644  3.391880380417831 0.091456721175300792  3.4651387223554311 0.049964606589289723  3.5327588605317914 -1.60573051322332e-15 
 0.29227213507561006 7 0.89929404555657422 7
8 0.39639237397455557 0.89929404555657211
5 -0.33932574683559957 1.5572088097465988 -6.8936648007986953e-18 -1 1 -6.8936648007986953e-18 0.22757304843844506 0.42442080261617204
8 -0.89929404555657422 -0.29227213507560978
7 0 0  6 7 2  2.7504264466477952 -1.9122446433009143e-15  2.8180465848241556 0.049964606589289452  2.8913049267618192 0.091456721175299904  2.970175786749337 0.12539679695507822  3.0543268270598958 0.15244552594679739  3.1428128401310427 0.17305870871423401  3.2342799281999528 0.18750237987165352 
 -0.89929404555657422 7 -0.29227213507560978 7
8 -0.89929404555657244 -0.39639237397455579
5 0.33932574683559957 1.5572088097465988 6.8936648007986953e-18 -1 1 6.8936648007986953e-18 0.22757304843844506 0.42442080261617204
8 -1.4854494153873596 -0.66959751403357926
7 0 0  7 8 2  2.7745933564453455 -1.8017842626491881e-15  2.823690202835063 0.074073391787696563  2.8786863405281338 0.13698630884276497  2.9402190953182981 0.19038219684199476  3.0088762906229931 0.23553322909506846  3.0851291966731651 0.27343083421477843  3.1689898853632927 0.30483745806041151  3.2597918433959965 0.33031848110535972 
 -1.4854494153873596 8 -0.66959751403357926 8
8 -1.4854494153873574 -0.82859989042079751
5 2.0543974769413174 1.5604988335036021 -6.9388939039072284e-18 -1 1 -6.9388939039072284e-18 0.1430137011525098 0.2674939922799312
8 0.66959751403357604 1.4854494153873581
7 0 0  7 8 2  1.4525971369886916 0.33031848110535927  1.5433990950213956 0.30483745806041107  1.6272597837112812 0.27343083421482817  1.7035126897619648 0.23553322909492636  1.7721698850671146 0.1903821968420516  1.8337026398569947 0.1369863088426797  1.8886987775496271 0.0740733917876958  1.9377956239393448 -2.806920021656112e-15 
 0.66959751403357604 8 1.4854494153873581 8
8 0.82859989042079674 1.4854494153873548
5 -2.0543974769413165 1.5604988335036023 6.9388939039072284e-18 -1 1 6.9388939039072284e-18 0.14301370115251008 0.2674939922799317
8 0.29227213507561006 0.89929404555657544
7 0 0  6 7 2  1.4781090521847378 0.18750237987165386  1.5695761402536479 0.17305870871423432  1.6580621533247921 0.15244552594679561  1.7422131936351946 0.12539679695507644  1.8210840536228687 0.091456721175300792  1.8943423955605359 0.049964606589289418  1.9619625337368962 -2.102081639757386e-15 
 0.29227213507561006 7 0.89929404555657544 7
8 0.39639237397455557 0.89929404555657211
5 -0.33932574683559957 1.5572088097465988 -6.8936648007986953e-18 -1 1 -6.8936648007986953e-18 0.22757304843844506 0.42442080261617204
8 -0.89929404555657544 -0.29227213507560978
7 0 0  6 7 2  1.1796301198528978 -2.5066226445479141e-15  1.2472502580292582 0.04996460658928905  1.3205085999668995 0.091456721175303457  1.3993794599545595 0.12539679695506933  1.4835305002649619 0.15244552594679917  1.5720165133361463 0.17305870871423398  1.6634836014050565 0.18750237987165352 
 -0.89929404555657544 7 -0.29227213507560978 7
8 -0.89929404555657244 -0.39639237397455579
5 0.33932574683559957 1.5572088097465988 6.8936648007986953e-18 -1 1 6.8936648007986953e-18 0.22757304843844506 0.42442080261617204
8 -1.4854494153873603 -0.66959751403357926
7 0 0  7 8 2  1.2037970296504485 -2.2063252674397162e-15  1.2528938760401662 0.074073391787696299  1.3078900137328446 0.13698630884274365  1.3694227685226679 0.19038219684199476  1.4380799638279314 0.2355332290949832  1.5143328698783307 0.27343083421481396  1.5981935585683964 0.30483745806041146  1.6889955166011001 0.33031848110535972 
 -1.4854494153873603 8 -0.66959751403357926 8
8 -1.4854494153873574 -0.82859989042079751
5 2.0543974769413174 1.5604988335036021 -6.9388939039072284e-18 -1 1 -6.9388939039072284e-18 0.1430137011525098 0.2674939922799312
8 0.82859989042079674 1.4854494153873548
5 -2.0543974769413165 1.5604988335036023 6.9388939039072284e-18 -1 1 6.9388939039072284e-18 0.14301370115251008 0.2674939922799317
8 0.82859989042079674 1.4854494153873548
7 0 0  6 7 2  0 0.29067319441124484  0.077398761728152188 0.25989993813523454  0.14812783675299812 0.22317912064447043  0.21200996516765969 0.17984706789190952  0.26941258771987719 0.12902543558224799  0.32088294497633996 0.069576660685135711  0.3669992971444449 1.9791877531668669e-15 
 0.82859989042079674 7 1.4854494153873548 7
8 0.39639237397455557 0.89929404555657211
5 -0.33932574683559957 1.5572088097465988 -6.8936648007986953e-18 -1 1 -6.8936648007986953e-18 0.22757304843844506 0.42442080261617204
8 0.39639237397455557 0.89929404555657211
7 0 0  6 7 2  5.7227990960059609e-17 0.16988550760335552  0.073347742642561511 0.15346287355427241  0.14406419555340477 0.132657168070617  0.2115059347778363 0.10726074031378019  0.27525362389188324 0.076973465115143469  0.33514470271893809 0.041394361125750755  0.39116620694199683 -3.1273088304699053e-16 
 0.39639237397455557 7 0.89929404555657211 7
1 6.2831853071795862 0 0 1 
1 0 0 0 1 
1 0 0.71918198218753981 1 0 
8 1.8352212465579874 2.8694308510247071
5 -2.0543974769413165 2.4375389256336897 6.9388939039072284e-18 -1 1 6.9388939039072284e-18 0.37630031470322733 0.18355287391060668
8 1.8352212465579869 2.8694308510247071
7 0 0  7 8 2  5.0793882775291364 2.356673552717039  5.1220951718206589 2.1677929523125354  5.1581891735215777 1.9446539665528917  5.1886891524400198 1.6805215781712377  5.2145502250455138 1.3668328079008916  5.2365477375790306 0.99258037737763516  5.2553244580861271 0.54342739256681438  5.271404027086815 1.0926525509091642e-15 
 1.8352212465579869 8 2.8694308510247071 8
1 1.3001961883476263 -1.5675523778252924 0.079848119046177349 0.99680704145024357 
1 -0.17792145438031309 -1.5710925115653225 0.043389928087268555 0.99905821358946945 
8 -2.8694308510247089 -1.8352212465579889
5 2.0543974769413169 2.4375389256336901 -6.9388939039072284e-18 -1 1 -6.9388939039072284e-18 0.37630031470322667 0.18355287391060635
8 -2.8694308510247089 -1.8352212465579889
7 0 0  7 8 2  5.7241702604774609 1.0926525509091642e-15  5.7402498294781479 0.54342739256681427  5.7590265499836732 0.99258037737786253  5.7810240625217375 1.3668328079002094  5.8068851351199555 1.6805215781714651  5.837385114044082 1.9446539665525506  5.873479115743617 2.167792952312535  5.9161860100351396 2.3566735527170386 
 -2.8694308510247089 8 -1.8352212465579889 8
8 -2.8694308510247089 -1.8352212465579887
7 0 0  7 8 2  4.1533739336825644 7.9429767452803116e-16  4.1694535026832513 0.54342739256681405  4.1882302231892936 0.99258037737780569  4.2102277357275852 1.3668328078999821  4.236088808326258 1.6805215781721472  4.2665887872490202 1.9446539665526643  4.3026827889487205 2.167792952312535  4.345389683240243 2.3566735527170386 
 -2.8694308510247089 8 -1.8352212465579887 8
8 -2.8694308510247089 -1.8352212465579889
5 2.0543974769413169 2.4375389256336901 -6.9388939039072284e-18 -1 1 -6.9388939039072284e-18 0.37630031470322667 0.18355287391060635
8 1.8352212465579869 2.8694308510247071
7 0 0  7 8 2  3.5085919507342398 2.3566735527170386  3.5512988450257623 2.167792952312535  3.587392846725038 1.9446539665525506  3.6178928256476865 1.6805215781719198  3.6437538982472688 1.3668328078993  3.665751410784992 0.99258037737797622  3.6845281312912319 0.54342739256681372  3.7006077002919193 4.9707022313688978e-16 
 1.8352212465579869 8 2.8694308510247071 8
8 1.8352212465579874 2.8694308510247071
5 -2.0543974769413165 2.4375389256336897 6.9388939039072284e-18 -1 1 6.9388939039072284e-18 0.37630031470322733 0.18355287391060668
8 -2.8694308510247106 -1.8352212465579902
7 0 0  7 8 2  2.5825776068876678 -7.9429767452803116e-16  2.5986571758883552 0.54342739256681294  2.6174338963942319 0.99258037737774885  2.6394314089318414 1.3668328079006642  2.6652924815321057 1.6805215781719198  2.6957924604537311 1.944653966552778  2.7318864621538239 2.167792952312535  2.7745933564453464 2.3566735527170386 
 -2.8694308510247106 8 -1.8352212465579902 8
8 -2.8694308510247089 -1.8352212465579889
5 2.0543974769413169 2.4375389256336901 -6.9388939039072284e-18 -1 1 -6.9388939039072284e-18 0.37630031470322667 0.18355287391060635
8 1.8352212465579869 2.8694308510247071
7 0 0  7 8 2  1.9377956239393437 2.3566735527170386  1.9805025182308664 2.167792952312535  2.0165965199300331 1.944653966552778  2.0470964988537617 1.6805215781710103  2.0729575714508428 1.3668328079002094  2.0949550839908397 0.99258037737774885  2.1137318044963354 0.54342739256681383  2.1298113734970228 5.9614604026727027e-16 
 1.8352212465579869 8 2.8694308510247071 8
8 1.8352212465579874 2.8694308510247071
5 -2.0543974769413165 2.4375389256336897 6.9388939039072284e-18 -1 1 6.9388939039072284e-18 0.37630031470322733 0.18355287391060668
8 -2.8694308510247106 -1.8352212465579902
7 0 0  7 8 2  1.0117812800927712 -7.9429767452803116e-16  1.0278608490934587 0.54342739256681294  1.0466375695988859 0.99258037737774885  1.0686350821385986 1.3668328079006642  1.0944961547364755 1.6805215781719198  1.1249961336596357 1.944653966552778  1.1610901353589271 2.167792952312535  1.2037970296504497 2.3566735527170386 
 -2.8694308510247106 8 -1.8352212465579902 8
8 -2.8694308510247089 -1.8352212465579889
5 2.0543974769413169 2.4375389256336901 -6.9388939039072284e-18 -1 1 -6.9388939039072284e-18 0.37630031470322667 0.18355287391060635
8 1.8352212465579874 2.8694308510247071
7 0 0  7 8 2  0.36699929714444662 2.3566735527170386  0.40970619143596931 2.167792952312535  0.44580019313558239 1.9446539665527212  0.47630017205801778 1.6805215781722609  0.50216124465748635 1.3668328079002094  0.52415875719560745 0.99258037737808991  0.54293547770143813 0.54342739256681405  0.55901504670212554 9.9357673377878382e-16 
 1.8352212465579874 8 2.8694308510247071 8
Curves 58
2 0 0 1.2224989991991992 0 0 1 1 0 -0 -0 1 0 2.5
2 0 0 0 0 0 1 1 0 -0 -0 1 0 2.5
1 2.5 0 1.2224989991991992 0 0 -1 
2 0 0 -6.9388939039072284e-18 0 0 1 1 0 -0 -0 1 0 1.3500000000000001
2 0 0 -0.10000000000000001 0 0 1 1 0 -0 -0 1 0 1.25
2 1.3500000000000001 0 -0.10000000000000014 0 -1 0 0 0 1 -1 0 0 0.10000000000000013
2 0 0 -8 0 0 1 1 0 -0 -0 1 0 1.25
1 1.25 0 -0.10000000000000001 0 0 -1 
2 0.17975028259641437 0.068485355708359785 -1.9220705595207797 -0.92838099266315732 -0.35371573049579214 0.11399085253474842 0.35603644751757874 -0.9344720691594065 0 0.10652126783339114 0.04058489818597201 0.99348179929901148 3.9953113123212924
2 0.061602436646885667 0.053426470156300088 -1.9075638281342429 -0.75223102335945402 -0.65239380952615955 0.092362355900733092 0.65519446330917686 -0.75546026715440162 -6.9388939039072268e-18 0.069776090063777732 0.060515304204351979 0.9957254617676834 3.9991616047103924
2 5.1162314285769143e-15 0 1.8653021127128699 -1.8895251058025061e-15 0 -1 1 0 -1.8895251058025061e-15 0 -1 -0 1.3500000000000001
2 -0.05342647015630049 -0.061602436646885861 -1.9075638281342426 0.65239380952615933 0.75223102335945413 0.092362355900733092 -0.75546026715440173 0.65519446330917663 6.9388939039072284e-18 -0.060515304204351972 -0.06977609006377776 0.9957254617676834 3.9991616047103928
2 -0.068485355708360882 -0.17975028259641412 -1.9220705595207794 0.35371573049579191 0.92838099266315743 0.11399085253474842 -0.93447206915940662 0.35603644751757857 0 -0.040584898185971989 -0.10652126783339114 0.99348179929901159 3.9953113123212929
2 0.068485355708357426 -0.17975028259641526 -1.9220705595207794 -0.35371573049579236 0.92838099266315721 0.11399085253474842 -0.93447206915940628 -0.35603644751757896 6.9388939039072284e-18 0.040584898185972045 -0.10652126783339111 0.99348179929901148 3.9953113123212929
2 0.053426470156297978 -0.061602436646887512 -1.9075638281342429 -0.65239380952615977 0.75223102335945391 0.092362355900733092 -0.75546026715440129 -0.65519446330917697 4.1633363423443364e-17 0.060515304204352048 -0.06977609006377769 0.9957254617676834 3.9991616047103924
2 5.1162314285769143e-15 0 1.8653021127128699 -1.8895251058025061e-15 0 -1 1 0 -1.8895251058025061e-15 0 -1 -0 1.3500000000000001
2 -0.061602436646887734 0.05342647015629836 -1.9075638281342426 0.75223102335945435 -0.65239380952615922 0.092362355900733092 0.65519446330917652 0.75546026715440195 -2.0816681711721682e-17 -0.069776090063777746 0.060515304204351972 0.9957254617676834 3.9991616047103928
2 -0.17975028259641504 0.068485355708358439 -1.9220705595207792 0.92838099266315754 -0.3537157304957918 0.11399085253474843 0.3560364475175784 0.9344720691594065 -1.3877787807814454e-17 -0.10652126783339114 0.040584898185971989 0.99348179929901148 3.9953113123212929
2 -0.17975028259641498 -0.068485355708358592 -1.9220705595207792 0.92838099266315721 0.35371573049579252 0.11399085253474842 -0.35603644751757912 0.93447206915940628 -6.9388939039072284e-18 -0.10652126783339111 -0.040584898185972051 0.99348179929901148 3.9953113123212929
2 -0.061602436646887221 -0.053426470156298013 -1.9075638281342424 0.75223102335945369 0.65239380952615988 0.092362355900733092 -0.65519446330917719 0.75546026715440129 2.0816681711721685e-17 -0.069776090063777704 -0.060515304204352048 0.9957254617676834 3.9991616047103928
2 5.1162314285769143e-15 0 1.8653021127128699 -1.8895251058025061e-15 0 -1 1 0 -1.8895251058025061e-15 0 -1 -0 1.3500000000000001
2 0.053426470156298186 0.061602436646887838 -1.9075638281342429 -0.65239380952615922 -0.75223102335945435 0.092362355900733092 0.75546026715440195 -0.65519446330917652 -2.0816681711721682e-17 0.060515304204351972 0.069776090063777746 0.9957254617676834 3.9991616047103924
2 0.068485355708357343 0.1797502825964154 -1.9220705595207797 -0.3537157304957918 -0.92838099266315754 0.11399085253474843 0.9344720691594065 -0.3560364475175784 -1.3877787807814454e-17 0.040584898185971989 0.10652126783339114 0.99348179929901148 3.9953113123212929
2 -0.068485355708360993 0.17975028259641407 -1.9220705595207794 0.35371573049579252 -0.92838099266315721 0.11399085253474842 0.93447206915940628 0.35603644751757912 -6.9388939039072284e-18 -0.040584898185972051 0.10652126783339111 0.99348179929901148 3.9953113123212929
2 -0.053426470156300136 0.061602436646885368 -1.9075638281342424 0.65239380952615988 -0.75223102335945369 0.092362355900733092 0.75546026715440129 0.65519446330917719 2.0816681711721685e-17 -0.060515304204352048 0.069776090063777704 0.9957254617676834 3.9991616047103928
2 5.1162314285769143e-15 0 1.8653021127128699 -1.8895251058025061e-15 0 -1 1 0 -1.8895251058025061e-15 0 -1 -0 1.3500000000000001
2 0.061602436646885965 -0.053426470156300344 -1.9075638281342429 -0.75223102335945402 0.65239380952615955 0.092362355900733092 -0.65519446330917686 -0.75546026715440162 6.9388939039072268e-18 0.069776090063777732 -0.060515304204351979 0.9957254617676834 3.9991616047103924
2 0.17975028259641437 -0.068485355708359785 -1.9220705595207797 -0.92838099266315732 0.35371573049579214 0.11399085253474842 -0.35603644751757874 -0.9344720691594065 0 0.10652126783339114 -0.04058489818597201 0.99348179929901148 3.9953113123212924
2 -1.9984014443252818e-15 0 -1.9000000000000057 0 1 0 4.9960036108131975e-16 -0 1 1 0 -4.9960036108131975e-16 4.0000000000000053
5 -0.15139127176665917 -0.39734952970925613 -1.7579104254464424 0.35371573049579191 0.92838099266315743 0.11399085253474842 -0.040584898185971982 -0.10652126783339114 0.99348179929901148 0.9344720691594065 -0.35603644751757851 -6.9388939039072284e-18 0.22757304843844511 0.42442080261617215
1 0.91473900862959812 0.20499999999999999 1.3500000000000003 -0.12186934340514745 0 -0.99254615164132209 
1 0.83663344063037615 0 1.3500000000000003 -0.12186934340514745 0 -0.99254615164132209 
5 0.39734952970925597 0.15139127176665926 -1.7579104254464419 -0.92838099266315732 -0.35371573049579214 0.11399085253474842 0.10652126783339114 0.040584898185972017 0.99348179929901148 -0.35603644751757874 0.93447206915940639 0 0.22757304843844506 0.42442080261617204
5 0.20232731707657139 0.17547413634882317 -1.7646802368334242 -0.75223102335945402 -0.65239380952615955 0.092362355900733092 0.069776090063777732 0.060515304204351986 0.9957254617676834 -0.65519446330917686 0.75546026715440162 0 0.1430137011525098 0.2674939922799312
2 0 0 -1.4340681414051994 0 0 1 1 0 -0 -0 1 0 0.63500000000000001
5 -0.17547413634882339 -0.20232731707657178 -1.7646802368334247 0.65239380952615933 0.75223102335945413 0.092362355900733092 -0.060515304204351979 -0.06977609006377776 0.9957254617676834 0.75546026715440173 -0.65519446330917663 0 0.14301370115251008 0.2674939922799317
5 0.15139127176665937 -0.39734952970925591 -1.7579104254464424 -0.35371573049579236 0.92838099266315721 0.11399085253474842 0.040584898185972045 -0.10652126783339111 0.99348179929901148 0.93447206915940628 0.35603644751757896 -6.9388939039072284e-18 0.22757304843844506 0.42442080261617204
5 0.1754741363488232 -0.20232731707657134 -1.7646802368334238 -0.65239380952615977 0.75223102335945391 0.092362355900733092 0.060515304204352013 -0.069776090063777718 0.9957254617676834 0.75546026715440129 0.65519446330917697 -6.9388939039072268e-18 0.1430137011525098 0.2674939922799312
5 -0.20232731707657184 0.17547413634882336 -1.7646802368334238 0.75223102335945435 -0.65239380952615922 0.092362355900733092 -0.06977609006377776 0.060515304204351958 0.9957254617676834 -0.65519446330917652 -0.75546026715440195 0 0.14301370115251008 0.2674939922799317
5 -0.39734952970925608 0.15139127176665912 -1.7579104254464419 0.92838099266315754 -0.3537157304957918 0.11399085253474843 -0.10652126783339115 0.040584898185971989 0.99348179929901159 -0.3560364475175784 -0.9344720691594065 1.3877787807814454e-17 0.22757304843844509 0.4244208026161721
5 -0.39734952970925608 -0.15139127176665945 -1.7579104254464415 0.92838099266315721 0.35371573049579252 0.11399085253474842 -0.10652126783339111 -0.040584898185972051 0.99348179929901148 0.35603644751757912 -0.93447206915940628 6.9388939039072284e-18 0.22757304843844511 0.42442080261617215
5 -0.20232731707657117 -0.17547413634882314 -1.7646802368334242 0.75223102335945369 0.65239380952615988 0.092362355900733092 -0.069776090063777704 -0.060515304204352048 0.9957254617676834 0.65519446330917719 -0.75546026715440129 -2.0816681711721685e-17 0.14301370115250972 0.26749399227993104
5 0.17547413634882336 0.20232731707657184 -1.7646802368334238 -0.65239380952615922 -0.75223102335945435 0.092362355900733092 0.060515304204351958 0.06977609006377776 0.9957254617676834 -0.75546026715440195 0.65519446330917652 0 0.14301370115251008 0.2674939922799317
5 0.15139127176665912 0.39734952970925608 -1.7579104254464419 -0.3537157304957918 -0.92838099266315754 0.11399085253474843 0.040584898185971989 0.10652126783339115 0.99348179929901159 -0.9344720691594065 0.3560364475175784 1.3877787807814454e-17 0.22757304843844509 0.4244208026161721
5 -0.15139127176665945 0.39734952970925608 -1.7579104254464415 0.35371573049579252 -0.92838099266315721 0.11399085253474842 -0.040584898185972051 0.10652126783339111 0.99348179929901148 -0.93447206915940628 -0.35603644751757912 6.9388939039072284e-18 0.22757304843844511 0.42442080261617215
5 -0.17547413634882314 0.20232731707657117 -1.7646802368334242 0.65239380952615988 -0.75223102335945369 0.092362355900733092 -0.060515304204352048 0.069776090063777704 0.9957254617676834 -0.75546026715440129 -0.65519446330917719 -2.0816681711721685e-17 0.14301370115250972 0.26749399227993104
5 0.20232731707657173 -0.17547413634882345 -1.7646802368334247 -0.75223102335945402 0.65239380952615955 0.092362355900733092 0.069776090063777732 -0.060515304204351986 0.9957254617676834 0.65519446330917686 0.75546026715440162 0 0.14301370115251008 0.2674939922799317
5 0.39734952970925597 -0.15139127176665926 -1.7579104254464419 -0.92838099266315732 0.35371573049579214 0.11399085253474842 0.10652126783339114 -0.040584898185972017 0.99348179929901148 0.35603644751757874 0.93447206915940639 0 0.22757304843844506 0.42442080261617204
1 0.63500000000000001 0 -1.4340681414051994 -0.88294759285892699 0 -0.46947156278589086 
5 -0.12239978837415824 -0.1411308886185588 -2.6379713875584274 0.65239380952615944 0.75223102335945413 0.092362355900733079 -0.060515304204351986 -0.069776090063777732 0.9957254617676834 0.75546026715440173 -0.65519446330917674 1.3877787807814457e-17 0.37630031470322733 0.18355287391060668
1 0.91473900862959812 -0.20500000000000052 1.3500000000000005 -0.12186934340514745 0 -0.99254615164132209 
5 0.14113088861855852 0.12239978837415805 -2.6379713875584274 -0.75223102335945402 -0.65239380952615955 0.092362355900733092 0.069776090063777732 0.060515304204351986 0.9957254617676834 -0.65519446330917686 0.75546026715440162 0 0.37630031470322667 0.18355287391060635
5 0.12239978837415809 -0.14113088861855849 -2.637971387558427 -0.65239380952615977 0.75223102335945391 0.092362355900733092 0.060515304204352013 -0.069776090063777718 0.9957254617676834 0.75546026715440129 0.65519446330917697 -6.9388939039072268e-18 0.37630031470322667 0.18355287391060635
5 -0.14113088861855883 0.1223997883741582 -2.637971387558427 0.75223102335945435 -0.65239380952615922 0.092362355900733092 -0.06977609006377776 0.060515304204351958 0.9957254617676834 -0.65519446330917652 -0.75546026715440195 0 0.37630031470322733 0.18355287391060668
